res data
0.0530484489747488
0.05280430219350821
0.04510200512368232
0.052918923275374265
0.053268724917209055
0.05397669386252799
0.04186224094805222
0.053543010394556625
0.03646105827787928
0.021578734902574975
0.05276858764723216
0.054644486793741835
0.025595538399840644
0.05908381012847814
0.052214933316830664
0.05493389964978516
0.03273285568065533
0.06292590329157385
0.05216006051157708
0.05213901395071278
0.05269834963220889
0.0531244485071818
0.052087044877820315
0.0453598859929902
0.05337092060712052
0.040710350283217435
0.04646089620547074
0.013776680338159783
0.05429759140827057
0.05395761185056811
0.04099400492543195
0.02356388389015087
0.05479659768103258
0.02642712436690943
0.04757118272332162
0.017378627034676894
0.053750912663575706
0.03490450992190216
0.04558571874616876
0.01147657191465417
0.09852210505954889
0.05409276837666651
0.03407476669696207
0.06207442476428564
0.04384003137608394
0.03986223355593581
0.03449393583607997
0.010977680832001846
0.04823914483309079
0.05562222142225318
0.03055528893154977
0.11471654129773225
0.04380271240254749
0.052729777283256014
0.04282801266975548
0.016105199148678022
0.0511028946921977
0.05464363038169151
0.03830808080807774
0.0512911403043734
0.023493510080088025
0.052100727017963235
0.05344805729332506
0.05723608751515136
0.056912158536646225
0.035359842169613485
0.05622288945998542
0.010628837046133186
0.05093001458807413
0.05105332135963072
0.04144762595939849
0.03601216503813626
0.055121302820438096
0.040435924097645556
0.05472880409009914
0.013286144578314351
0.04662201355334119
0.046487860332421325
0.04428644050883027
0.05430268478551054
0.011619033491560665
0.12369493705396699
0.05025180417743179
0.031525409491809354
0.03315232790069715
0.06104712355147837
0.049378922514805565
0.052884008497411525
0.051286179167358385
0.04732925483039152
0.06025973515493077
0.03496202331915736
0.05924617479577465
0.04491593644593099
0.08226522869177923
0.0443232972451951
0.07061228279189741
0.042459277867950736
0.04068736745215487
0.05090655814837083
0.03288954008684798
0.04243773096436053
0.054944319237205226
0.015867243601546423
0.039149174829298396
0.045113416773937334
0.025766945555960225
0.059488024439491353
0.040533124561301564
0.04011228813889744
0.03301321628691697
0.0330969215719226
0.013118151913131162
0.09019180231695635
0.06165275622789391
0.04295925803864429
0.051361887863503215
0.04666923478920481
0.04266260478572713
0.051084874515808044
0.04880095666581734
0.028752174600667174
0.07079722001095283
0.08721764347755921
0.038062957493865825
0.016988372093018917
0.053362978832636826
0.04772075433101134
peak data
 6.34 9999.952
 12.7 150.332
 13.48 51.328
 13.88 5134.525
 14.36 4930.558
 15.16 5995.575
 15.42 244.712
 15.88 7527.96
 16.3 48.447
 16.62 3.507
 16.88 752.912
 17.4 281.264
 18.1 27.896
 18.2 54.593
 19.1 5.326
 20.18 4402.918
 20.92 17.897
 21.42 8006.084
 22.36 177.054
 22.74 120.886
 23.3 238.441
 23.94 465.719
 24.4 42.966
 24.54 16.84
 25.16 1221.351
 25.3 224.812
 25.42 598.919
 25.56 41.887
 26.2 6845.029
 26.42 6462.036
 26.74 123.1
 26.8 91.795
 27.16 249.41
 27.24 109.097
 27.52 457.828
 27.62 81.448
 27.82 3101.346
 27.98 212.134
 28.74 31.456
 28.94 70.865
 28.98 83.009
 29.74 216.155
 30.32 59.266
 30.44 455.927
 30.58 269.954
 30.74 109.631
 30.86 30.724
 31.06 61.229
 31.14 193.99
 31.4 1257.004
 32.04 625.72
 32.08 703.901
 32.66 32.282
 32.94 824.02
 33.16 45.509
 33.28 16.749
 33.38 81.542
 33.88 50.47
 34.14 0.926
 35.24 60.62
 35.52 39.572
 35.62 181.583
 35.88 272.985
 36.16 103.069
 36.58 206.656
 36.66 87.818
 36.8 145.945
 36.86 88.559
 37.14 45.471
 37.38 114.568
 37.7 1.552
 37.92 31.634
 38.02 39.802
 38.6 10.105
 38.74 88.125
 38.82 43.348
 38.98 76.366
 39.08 50.056
 39.18 90.792
 39.32 184.373
 39.94 160.793
Org data
 5.0 0.0
 5.02 0.0
 5.04 0.0
 5.06 0.0
 5.08 0.0
 5.1 0.0
 5.12 0.0
 5.14 0.0
 5.16 0.0
 5.18 0.0
 5.2 0.0
 5.22 0.0
 5.24 0.0
 5.26 0.0
 5.28 -0.0
 5.3 -0.00100000480002304
 5.32 -0.00100000480002304
 5.34 -0.00200000960004608
 5.36 -0.0030000144000691207
 5.38 -0.0030000144000691207
 5.4 -0.00400001920009216
 5.42 -0.005000024000115201
 5.44 -0.005000024000115201
 5.46 -0.006000028800138241
 5.48 -0.007000033600161281
 5.5 -0.00800003840018432
 5.52 -0.00900004320020736
 5.54 -0.010000048000230402
 5.56 -0.011000052800253441
 5.58 -0.012000057600276483
 5.6 -0.01300006240029952
 5.62 9.920047616228558
 5.64 10.494050371441784
 5.66 11.118053366656161
 5.68 11.800056640271874
 5.7 12.547060225889085
 5.72 13.368064166708
 5.74 14.271068501128807
 5.76 15.270073296351823
 5.78 16.37707860997733
 5.8 17.60808451880569
 5.82 18.985091128437418
 5.84 20.52909853967299
 5.86 22.26910689171308
 5.88 24.24011635255849
 5.9 26.485127128610216
 5.92 29.056139469469457
 5.94 32.02015369673775
 5.96 35.461170213617024
 5.98 39.48718953850979
 6.0 44.23821234341925
 6.02 49.89923951634968
 6.04 56.71627223810675
 6.06 65.02831213589826
 6.08 75.30236145133497
 6.1 88.20742339563229
 6.12 104.72050265841277
 6.14 126.31360630531027
 6.16 155.28974539077788
 6.18 195.40793795810222
 6.2 253.13221503463217
 6.22 340.30363345744064
 6.24 480.42030601746893
 6.26 726.1104853303295
 6.28 1230.5779067739525
 6.3 2549.2742365163353
 6.32 6004.110819731935
 6.34 10000.0
 6.36 6311.562295499019
 6.38 2686.2548940234915
 6.4 1279.2881405830747
 6.42 747.3445872540188
 6.44 491.8563609105324
 6.46 347.16166637599866
 6.48 257.5472362267339
 6.5 198.40895236297135
 6.52 157.41875561002695
 6.54 127.87661380774628
 6.56 105.90150832723997
 6.58 89.12142778285336
 6.6 76.02336491215158
 6.62 65.60631491031157
 6.64 57.187274498917596
 6.66 50.28824138355864
 6.68 44.56321390342674
 6.7 39.7611908537161
 6.72 35.6941713320224
 6.74 32.22015465674235
 6.76 29.22914029987344
 6.78 26.635127848613678
 6.8 24.372116986161533
 6.82 22.385107448515754
 6.84 20.632099034075367
 6.86 19.076091565239516
 6.88 17.69008491240758
 6.9 16.45007896037901
 6.92 15.335073608353321
 6.94 14.331068789130187
 6.96 13.422064425909246
 6.98 12.596060461090214
 7.0 11.845056856272912
 7.02 11.159053563457105
 7.04 10.531050549042636
 7.06 9.955047784229365
 7.08 -0.01300006240029952
 7.1 -0.012000057600276483
 7.12 -0.011000052800253441
 7.14 -0.010000048000230402
 7.16 -0.00900004320020736
 7.18 -0.00800003840018432
 7.2 -0.007000033600161281
 7.22 -0.006000028800138241
 7.24 -0.005000024000115201
 7.26 -0.005000024000115201
 7.28 -0.00400001920009216
 7.3 -0.0030000144000691207
 7.32 -0.0030000144000691207
 7.34 -0.00200000960004608
 7.36 -0.00100000480002304
 7.38 -0.00100000480002304
 7.4 -0.0
 7.42 0.0
 7.44 0.0
 7.46 0.0
 7.48 0.0
 7.5 0.0
 7.52 0.0
 7.54 0.0
 7.56 0.0
 7.58 0.0
 7.6 0.0
 7.62 0.0
 7.64 0.0
 7.66 0.0
 7.68 0.0
 7.7 0.0
 7.72 0.0
 7.74 0.0
 7.76 0.0
 7.78 0.0
 7.8 0.0
 7.82 0.0
 7.84 0.0
 7.86 0.0
 7.88 0.0
 7.9 0.0
 7.92 0.0
 7.94 0.0
 7.96 0.0
 7.98 0.0
 8.0 0.0
 8.02 0.0
 8.04 0.0
 8.06 0.0
 8.08 0.0
 8.1 0.0
 8.12 0.0
 8.14 0.0
 8.16 0.0
 8.18 0.0
 8.2 0.0
 8.22 0.0
 8.24 0.0
 8.26 0.0
 8.28 0.0
 8.3 0.0
 8.32 0.0
 8.34 0.0
 8.36 0.0
 8.38 0.0
 8.4 0.0
 8.42 0.0
 8.44 0.0
 8.46 0.0
 8.48 0.0
 8.5 0.0
 8.52 0.0
 8.54 0.0
 8.56 0.0
 8.58 0.0
 8.6 0.0
 8.62 0.0
 8.64 0.0
 8.66 0.0
 8.68 0.0
 8.7 0.0
 8.72 0.0
 8.74 0.0
 8.76 0.0
 8.78 0.0
 8.8 0.0
 8.82 0.0
 8.84 0.0
 8.86 0.0
 8.88 0.0
 8.9 0.0
 8.92 0.0
 8.94 0.0
 8.96 0.0
 8.98 0.0
 9.0 0.0
 9.02 0.0
 9.04 0.0
 9.06 0.0
 9.08 0.0
 9.1 0.0
 9.12 0.0
 9.14 0.0
 9.16 0.0
 9.18 0.0
 9.2 0.0
 9.22 0.0
 9.24 0.0
 9.26 0.0
 9.28 0.0
 9.3 0.0
 9.32 0.0
 9.34 0.0
 9.36 0.0
 9.38 0.0
 9.4 0.0
 9.42 0.0
 9.44 0.0
 9.46 0.0
 9.48 0.0
 9.5 0.0
 9.52 0.0
 9.54 0.0
 9.56 0.0
 9.58 0.0
 9.6 0.0
 9.62 0.0
 9.64 0.0
 9.66 0.0
 9.68 0.0
 9.7 0.0
 9.72 0.0
 9.74 0.0
 9.76 0.0
 9.78 0.0
 9.8 0.0
 9.82 0.0
 9.84 0.0
 9.86 0.0
 9.88 0.0
 9.9 0.0
 9.92 0.0
 9.94 0.0
 9.96 0.0
 9.98 0.0
 10.0 0.0
 10.02 0.0
 10.04 0.0
 10.06 0.0
 10.08 0.0
 10.1 0.0
 10.12 0.0
 10.14 0.0
 10.16 0.0
 10.18 0.0
 10.2 0.0
 10.22 0.0
 10.24 0.0
 10.26 0.0
 10.28 0.0
 10.3 0.0
 10.32 0.0
 10.34 0.0
 10.36 0.0
 10.38 0.0
 10.4 0.0
 10.42 0.0
 10.44 0.0
 10.46 0.0
 10.48 0.0
 10.5 0.0
 10.52 0.0
 10.54 0.0
 10.56 0.0
 10.58 0.0
 10.6 0.0
 10.62 0.0
 10.64 0.0
 10.66 0.0
 10.68 0.0
 10.7 0.0
 10.72 0.0
 10.74 0.0
 10.76 0.0
 10.78 0.0
 10.8 0.0
 10.82 0.0
 10.84 0.0
 10.86 0.0
 10.88 0.0
 10.9 0.0
 10.92 0.0
 10.94 0.0
 10.96 0.0
 10.98 0.0
 11.0 0.0
 11.02 0.0
 11.04 0.0
 11.06 0.0
 11.08 0.0
 11.1 0.0
 11.12 0.0
 11.14 0.0
 11.16 0.0
 11.18 0.0
 11.2 0.0
 11.22 0.0
 11.24 0.0
 11.26 0.0
 11.28 0.0
 11.3 0.0
 11.32 0.0
 11.34 0.0
 11.36 0.0
 11.38 0.0
 11.4 0.0
 11.42 0.0
 11.44 0.0
 11.46 0.0
 11.48 0.0
 11.5 0.0
 11.52 0.0
 11.54 0.0
 11.56 0.0
 11.58 0.0
 11.6 0.0
 11.62 0.0
 11.64 -0.00400001920009216
 11.66 -0.00900004320020736
 11.68 -0.014000067200322562
 11.7 -0.019000091200437764
 11.72 -0.025000120000576005
 11.74 -0.031000148800714243
 11.76 -0.03700017760085248
 11.78 -0.044000211201013766
 11.8 -0.05100024480117504
 11.82 -0.05900028320135937
 11.84 -0.06700032160154369
 11.86 -0.07600036480175106
 11.88 -0.08600041280198145
 11.9 -0.0970004656022349
 11.92 -0.10800051840248834
 11.94 -0.12100058080278786
 11.96 -0.13300063840306434
 11.98 0.00800003840018432
 12.0 0.0030000144000691207
 12.02 -0.00200000960004608
 12.04 -0.007000033600161281
 12.06 -0.011000052800253441
 12.08 -0.014000067200322562
 12.1 -0.017000081600391685
 12.12 -0.019000091200437764
 12.14 -0.020000096000460803
 12.16 -0.019000091200437764
 12.18 -0.017000081600391685
 12.2 -0.01300006240029952
 12.22 -0.007000033600161281
 12.24 0.00200000960004608
 12.26 0.014000067200322562
 12.28 0.030000144000691203
 12.3 0.05200024960119808
 12.32 0.08000038400184321
 12.34 0.12100058080278786
 12.36 0.17300083040398592
 12.38 0.23900114720550658
 12.4 0.323001550407442
 12.42 0.4290020592098842
 12.44 0.5650027120130177
 12.46 0.7420035616170958
 12.48 0.9710046608223719
 12.5 1.275006120029376
 12.52 1.689008107238915
 12.54 2.2700108960523013
 12.56 3.114014947271747
 12.58 4.399021115301354
 12.6 6.480031104149301
 12.62 10.155048744233973
 12.64 17.71908505160825
 12.66 37.49917999606399
 12.68 89.43942930926067
 12.7 150.33272159706365
 12.72 95.17045681819273
 12.74 40.0521922505228
 12.76 18.61708936202894
 12.78 10.524050515442473
 12.8 6.646031900953124
 12.82 4.387021057701077
 12.84 2.960014208068199
 12.86 1.992009561645896
 12.88 1.295006216029837
 12.9 0.7680036864176949
 12.92 0.35000168000806403
 12.94 0.00800003840018432
 12.96 -0.2920014016067277
 12.98 -0.5550026640127873
 13.0 -0.7920038016182478
 13.02 -1.0110048528232936
 13.04 -1.21700584162804
 13.06 -1.415006792032602
 13.08 -1.6070077136370255
 13.1 -1.795008616041357
 13.12 -1.9820095136456655
 13.14 -2.1680104064499512
 13.16 2.8210135408649966
 13.18 2.940014112067738
 13.2 3.0900148320711938
 13.22 3.2760157248754793
 13.24 3.5040168192807326
 13.26 3.782018153687138
 13.28 4.121019780894949
 13.3 4.534021763304464
 13.32 5.03602417291603
 13.34 5.659027163330384
 13.36 6.456030988948748
 13.38 7.52303611057333
 13.4 9.049043435408489
 13.42 11.511055253065214
 13.44 16.397078705977787
 13.46 28.89913871586584
 13.48 51.32824637558261
 13.5 47.69822895149897
 13.52 29.497141586279614
 13.54 22.70310897492308
 13.56 22.099106075709166
 13.58 23.903114734950726
 13.6 31.8531528951339
 13.62 36.637175858444124
 13.64 42.94120611778937
 13.66 51.1892457083794
 13.68 62.0872980190305
 13.7 76.77236850736884
 13.72 97.1134661446375
 13.74 126.32260634851048
 13.76 170.26581727592293
 13.78 240.52115450154162
 13.8 362.7437411699577
 13.82 610.0299281436552
 13.84 1247.563988307144
 13.86 2941.290118192567
 13.88 5134.5496458382995
 13.9 3422.203426576448
 13.92 1464.8980315105514
 13.94 691.100317281523
 13.96 402.646932705277
 13.98 267.1272822109546
 14.0 192.0059216284238
 14.02 146.87970502258412
 14.04 118.55156904753143
 14.06 100.5374825799164
 14.08 89.45042936206094
 14.1 83.49440077312371
 14.12 81.80439266108478
 14.14 84.16040396993905
 14.16 90.92143642289484
 14.18 103.13649505517627
 14.2 122.88858986523137
 14.22 154.0967396643504
 14.24 204.32598076470768
 14.26 289.23238831546394
 14.28 446.64614390149075
 14.3 799.5828379976224
 14.32 1771.995505578427
 14.34 4023.4603126095003
 14.36 4930.581666792001
 14.38 2480.5509066443524
 14.4 1058.7380819427933
 14.42 545.5996188781706
 14.44 334.39460509410446
 14.46 225.5950828563977
 14.48 161.76477647092707
 14.5 121.31158229559503
 14.52 94.18945210937012
 14.54 75.2083610001328
 14.56 61.48929514861671
 14.58 51.331246389982674
 14.6 43.684209684206486
 14.62 37.8731817912726
 14.64 28.82413835586411
 14.66 25.732123514192867
 14.68 23.701113765346076
 14.7 22.227106690112112
 14.72 21.405102744493174
 14.74 21.18610169328813
 14.76 21.554103459696606
 14.78 22.52210810611891
 14.8 24.136115853356095
 14.82 26.47612708541001
 14.84 29.668142407083554
 14.86 33.90016272078106
 14.88 39.4441893321088
 14.9 46.70222417067602
 14.92 56.281270150096724
 14.94 69.11633175839245
 14.96 86.72141626279807
 14.98 111.68553609057324
 15.0 148.784714166628
 15.02 208.23899954719784
 15.04 318.75253001214406
 15.06 562.2736989137547
 15.08 1029.7549428237255
 15.1 1342.1674424037237
 15.12 1923.4042323403153
 15.14 4041.2423979635105
 15.16 5995.603778898138
 15.18 3451.106565311514
 15.2 1470.4560581890794
 15.22 722.1844664854392
 15.24 431.5300713443425
 15.26 288.20538338584026
 15.28 206.52899133915844
 15.3 156.5457514196068
 15.32 125.0346001660808
 15.34 105.95950860564132
 15.36 97.94047011425656
 15.38 107.46551583447601
 15.4 157.44175572042747
 15.42 244.7131746232382
 15.44 193.4539285788572
 15.46 105.72250746803584
 15.48 68.38132823037552
 15.5 54.51126165405594
 15.52 48.68823370352178
 15.54 46.513223263471666
 15.56 46.66022396907505
 15.58 48.69523373712194
 15.6 52.45525178520857
 15.62 58.12127898213912
 15.64 66.05631707032194
 15.66 76.88136903057135
 15.68 91.59543965811037
 15.7 111.79153659937568
 15.72 140.08167239202749
 15.74 180.93586849216877
 15.76 242.4521637703861
 15.78 340.44863415344395
 15.8 509.2814445509339
 15.82 842.6370446578144
 15.84 1677.8930538866587
 15.86 3950.0009600046083
 15.88 7527.996134381446
 15.9 5678.589257228435
 15.92 2457.937798101431
 15.94 1116.2073577953174
 15.96 623.6629935823692
 15.98 398.0639107067714
 16.0 273.394312292699
 16.02 197.38894746694785
 16.04 147.8557097074066
 16.06 113.88654665542394
 16.08 89.6434302884654
 16.1 71.78634457445396
 16.12 58.298279831743194
 16.14 48.64223348272072
 16.16 40.58219479453501
 16.18 34.10116368558569
 16.2 29.26914049187436
 16.22 25.81812392699485
 16.24 24.168116006956833
 16.26 26.43012686460895
 16.28 37.45017976086286
 16.3 48.44723254671623
 16.32 31.572151546327422
 16.34 17.553084254804425
 16.36 11.505055224265078
 16.38 8.571041140997476
 16.4 6.741032356955313
 16.42 5.446026140925476
 16.44 4.482021513703266
 16.46 3.7510180048864235
 16.48 3.2030153744737975
 16.5 2.810013488064743
 16.52 2.5580122784589365
 16.54 2.4410117168562406
 16.56 2.462011817656725
 16.58 2.6310126288606184
 16.6 2.969014251268406
 16.62 3.507016833680802
 16.64 -2.5340121632583834
 16.66 -1.0070048336232014
 16.68 0.9250044400213122
 16.7 3.439016507279235
 16.72 6.882033033758562
 16.74 11.805056664271989
 16.76 19.23109230924309
 16.78 31.221149861519336
 16.8 52.54925223641074
 16.82 97.96647023905714
 16.84 220.05105624507
 16.86 522.8385096248462
 16.88 752.9156139949472
 16.9 413.36098413272384
 16.92 171.51682328075174
 16.94 81.54739142747886
 16.96 46.423222831469594
 16.98 29.011139253468418
 17.0 18.99209116203758
 17.02 12.823061550695444
 17.04 8.795042216202638
 17.06 6.108029318540729
 17.08 4.26302046249822
 17.1 2.9940143712689826
 17.12 2.1430102864493747
 17.14 1.614007747237187
 17.16 1.3540064992311964
 17.18 1.340006432030874
 17.2 1.5750075600362883
 17.22 2.0960100608482923
 17.24 2.982014313668706
 17.26 4.382021033700962
 17.28 6.579031579351581
 17.3 10.130048624233398
 17.32 16.231077909173965
 17.34 27.9991343958451
 17.36 56.400270721299464
 17.38 134.81564711510615
 17.4 281.2653500736804
 17.42 249.17419603614098
 17.44 110.25752923614034
 17.46 47.558228279495744
 17.48 24.8871194581734
 17.5 14.953071774744519
 17.52 9.617046161821579
 17.54 6.4370308977483095
 17.56 4.412021177701653
 17.58 3.057014673670434
 17.6 2.117010161648776
 17.62 0.7300035040168192
 17.64 0.28600137280658944
 17.66 -0.03200015360073728
 17.68 -0.2630012624060596
 17.7 -0.42400203520976903
 17.72 -0.5320025536122573
 17.74 -0.6000028800138241
 17.76 -0.6350030480146305
 17.78 -0.6440030912148379
 17.8 -0.6310030288145383
 17.82 -0.5970028656137549
 17.84 -0.5440026112125339
 17.86 -0.4710022608108519
 17.88 -0.3760018048086631
 17.9 -0.2540012192058522
 17.92 -0.09800047040225794
 17.94 0.10200048960235009
 17.96 0.36600175680843267
 17.98 0.7350035280169345
 18.0 1.2810061488295144
 18.02 2.16101037284979
 18.04 3.814018307287875
 18.06 7.797037425779644
 18.08 17.570084336404815
 18.1 27.896133901442727
 18.12 20.053096254862027
 18.14 16.487079137979862
 18.16 27.12613020542499
 18.18 54.43726129885423
 18.2 54.59326204765784
 18.22 25.274121315782317
 18.24 10.823051950649363
 18.26 5.556026668928011
 18.28 3.2940158112758944
 18.3 2.0920100416482
 18.32 1.3780066144317493
 18.34 0.9240044352212892
 18.36 0.6210029808143079
 18.38 0.41600199680958466
 18.4 0.26800128640617477
 18.42 0.16100077280370947
 18.44 0.0820003936018893
 18.46 0.025000120000576005
 18.48 -0.01800008640041472
 18.5 -0.04900023520112897
 18.52 -0.07100034080163585
 18.54 -0.08600041280198145
 18.56 -0.09600046080221186
 18.58 -0.10300049440237313
 18.6 -0.10600050880244226
 18.62 -0.10800051840248834
 18.64 -0.10700051360246529
 18.66 -0.10500050400241921
 18.68 -0.10100048480232707
 18.7 -0.0970004656022349
 18.72 -0.09200044160211969
 18.74 -0.08600041280198145
 18.76 -0.08100038880186626
 18.78 -0.07500036000172801
 18.8 -0.06900033120158977
 18.82 -0.06300030240145153
 18.84 -0.0820003936018893
 18.86 -0.07500036000172801
 18.88 -0.06400030720147457
 18.9 -0.05000024000115201
 18.92 -0.03200015360073728
 18.94 -0.006000028800138241
 18.96 0.028000134400645124
 18.98 0.027000129600622085
 19.0 0.10900052320251137
 19.02 0.249001195205737
 19.04 0.5330025584122804
 19.06 1.2540060192288924
 19.08 3.1550151440726917
 19.1 5.326025564922712
 19.12 3.2580156384750647
 19.14 1.2520060096288463
 19.16 0.4600022080105985
 19.18 0.14400069120331777
 19.2 -0.025000120000576005
 19.22 -0.13700065760315652
 19.24 -0.22000105600506883
 19.26 -0.2870013776066125
 19.28 -0.34600166080797184
 19.3 -0.40100192480923913
 19.32 -0.4530021744104372
 19.34 -0.5050024240116353
 19.36 -0.5580026784128564
 19.38 -0.6120029376141005
 19.4 -0.20800099840479233
 19.42 -0.23800114240548353
 19.44 -0.2670012816061517
 19.46 4.037019377693013
 19.48 4.261020452898174
 19.5 4.510021648103911
 19.52 4.78602297291027
 19.54 5.093024446517344
 19.56 5.436026092925246
 19.58 5.815027912133979
 19.6 6.239029947343748
 19.62 6.715032232154715
 19.64 7.251034804967064
 19.66 7.858037718581049
 19.68 8.547041025796926
 19.7 9.334044803415056
 19.72 10.237049137835863
 19.74 11.277054129859824
 19.76 12.49605998108791
 19.78 13.916066797120628
 19.8 15.583074798759036
 19.82 17.56208429800463
 19.84 19.916095597258867
 19.86 22.757109234124325
 19.88 26.21712584220404
 19.9 30.48414632390236
 19.92 35.82817197522549
 19.94 42.640204672982435
 19.96 51.511247253986824
 19.98 63.366304158259965
 20.0 79.73438272503708
 20.02 103.30049584238004
 20.04 139.2536684176084
 20.06 199.81095909260367
 20.08 320.9475405481947
 20.1 584.6068061126695
 20.12 967.4766438878906
 20.14 1341.7634404645144
 20.16 2636.014652870334
 20.18 4402.9391341078435
 20.2 2885.529850543283
 20.22 1237.3899394717096
 20.24 586.7078161975178
 20.26 341.0606370910581
 20.28 223.56607311715098
 20.3 157.01075365161753
 20.32 115.72155546346623
 20.34 88.411424374837
 20.36 69.43333327999976
 20.38 55.71826744768376
 20.4 45.48521832904798
 20.42 37.64718070646739
 20.44 31.509151243925974
 20.46 26.611127733413124
 20.48 22.638108662921585
 20.5 19.37109298124631
 20.52 16.649079915583595
 20.54 14.357068913930787
 20.56 12.408059558685881
 20.58 10.736051533047359
 20.6 9.290044592214041
 20.62 8.030038544185011
 20.64 6.9260332449595765
 20.66 5.952028569737135
 20.68 9.751046805024664
 20.7 13.457064593910053
 20.72 13.293063806706272
 20.74 13.24606358110519
 20.76 13.311063893106688
 20.78 13.488064742710765
 20.8 13.778066134717447
 20.82 14.184068083526801
 20.84 14.712070617938966
 20.86 14.948071750744404
 20.88 15.770075696363342
 20.9 16.747080385985853
 20.92 17.897085906012347
 20.94 15.330073584353206
 20.96 17.101082085194008
 20.98 19.12009177644053
 21.0 21.435102888493866
 21.02 24.104115699755358
 21.04 27.203130575026762
 21.06 30.82814797511028
 21.08 35.10316849520878
 21.1 40.19419293212608
 21.12 46.3192223322672
 21.14 53.77625812603901
 21.16 62.97930230065104
 21.18 74.51735768331687
 21.2 89.24742838765627
 21.22 108.45952060569891
 21.24 134.16464399029115
 21.26 169.63381424230838
 21.28 220.47505828027974
 21.3 296.9334252804414
 21.32 419.3100126880609
 21.34 633.4770406897953
 21.36 1074.9751598807675
 21.38 2209.324604758103
 21.4 5020.493098366873
 21.42 8006.122429387661
 21.44 6719.203252175611
 21.46 3252.764613270144
 21.48 1467.0750419602014
 21.5 794.8898154711143
 21.52 502.7594132451836
 21.54 346.1956617391764
 21.56 251.92520924100438
 21.58 190.90891636279855
 21.6 149.2277162930382
 21.62 119.69457453395778
 21.64 97.80546946625346
 21.66 81.21638983867122
 21.68 68.35132808637482
 21.7 58.17627924614039
 21.72 49.996239981951916
 21.74 43.32320795139817
 21.76 37.81118149367117
 21.78 33.210159408765165
 21.8 29.33114078947579
 21.82 26.033124958999807
 21.84 23.21011140853476
 21.86 20.789099787678982
 21.88 18.68008966443039
 21.9 16.84208084198804
 21.92 15.235073128351017
 21.94 13.826066365118553
 21.96 12.58806042269003
 21.98 11.500055200264962
 22.0 10.663051182645678
 22.02 9.833047198626554
 22.04 9.112043737809943
 22.06 8.495040776195726
 22.08 7.977038289783792
 22.1 7.560036288174183
 22.12 7.249034795367018
 22.14 7.057033873762594
 22.16 7.007033633761442
 22.18 2.8280135744651576
 22.2 -0.475002280010944
 22.22 0.6910033168159206
 22.24 2.417011601655688
 22.26 5.1870248977195095
 22.28 10.071048341032037
 22.3 20.32509756046829
 22.32 47.629228620297376
 22.34 116.55155944748536
 22.36 177.05484986327934
 22.38 100.07548036230574
 22.4 40.538194583334
 22.42 18.20608738921947
 22.44 9.637046257822039
 22.46 5.491026356926513
 22.48 3.1990153552737053
 22.5 1.8670089616430159
 22.52 1.1000052800253444
 22.54 0.7120034176164045
 22.56 0.6080029184140084
 22.58 1.047005025624123
 22.6 1.6050077040369795
 22.62 2.6530127344611256
 22.64 4.522021705704188
 22.66 8.018038486584736
 22.68 15.710075408361961
 22.7 36.69317612724541
 22.72 87.83542161002373
 22.74 120.88658025558523
 22.76 63.67830565586715
 22.78 25.7551236245934
 22.8 11.758056438670906
 22.82 6.229029899343518
 22.84 3.4630166224797883
 22.86 1.8830090384433846
 22.88 0.9140043872210587
 22.9 0.29600142080681985
 22.92 -0.10700051360246529
 22.94 -0.36800176640847876
 22.96 -0.52300251041205
 22.98 -0.5930028464136627
 23.0 -0.5910028368136166
 23.02 -0.522002505612027
 23.04 -0.3810018288087783
 23.06 -0.15900076320366338
 23.08 0.15900076320366338
 23.1 0.43200207360995335
 23.12 1.0650051120245376
 23.14 1.963009422445228
 23.16 3.272015705675387
 23.18 5.260025248121191
 23.2 8.90404273940515
 23.22 14.496069581133991
 23.24 25.727123490192753
 23.26 54.43526128925419
 23.28 131.40463074222757
 23.3 238.44214452229372
 23.32 164.69279052539454
 23.34 69.36233293919811
 23.36 31.049149035915374
 23.38 16.829080779587745
 23.4 10.186048893034688
 23.42 6.494031171349622
 23.44 4.25302041449799
 23.46 2.8080134784646966
 23.48 1.840008832042394
 23.5 1.0660051168245608
 23.52 0.6160029568141927
 23.54 0.31600151680728067
 23.56 0.13000062400299522
 23.58 0.03900018720089857
 23.6 0.031000148800714243
 23.62 0.10300049440237313
 23.64 0.25800123840594436
 23.66 0.5040024192116123
 23.68 0.9030043344208053
 23.7 1.395006696032141
 23.72 2.064009907247555
 23.74 2.9720142656684754
 23.76 4.239020347297667
 23.78 5.994028771338103
 23.8 8.537040977796694
 23.82 12.377059409885169
 23.84 18.51608887722661
 23.86 29.139139867871368
 23.88 50.27724133075839
 23.9 103.70849780078944
 23.92 248.32519196092144
 23.94 465.72123546193023
 23.96 338.97162706380993
 23.98 144.5266937281299
 24.0 64.71031060949092
 24.02 35.2691692920126
 24.04 21.65410393969891
 24.06 13.870066576319566
 24.08 9.253044414613191
 24.1 6.240029952143771
 24.12 4.176020044896216
 24.14 2.7100130080624387
 24.16 1.6420078816378318
 24.18 0.8550041040196993
 24.2 0.2780013344064052
 24.22 -0.13500064800311043
 24.24 -0.39900191520919304
 24.26 -0.5020024096115662
 24.28 -0.3910018768090087
 24.3 0.027000129600622085
 24.32 0.9580045984220724
 24.34 3.0740147552708255
 24.36 8.883042638604664
 24.38 24.377117010161648
 24.4 42.96620623778995
 24.42 27.85113368544169
 24.44 11.360054528261735
 24.46 5.42402603532497
 24.48 4.450021360102529
 24.5 7.498035990572755
 24.52 15.949076555567467
 24.54 16.840080832387997
 24.56 7.166034396965106
 24.58 2.187010497650389
 24.6 0.3410016368078567
 24.62 -0.4600022080105985
 24.64 -0.8650041520199298
 24.66 -1.0570050736243535
 24.68 -0.5310025488122343
 24.7 -0.92100442082122
 24.72 -0.7640036672176027
 24.74 -0.5360025728123495
 24.76 -0.2340011232053914
 24.78 0.14900071520343297
 24.8 0.6170029616142158
 24.82 1.1990057552276252
 24.84 1.9410093168447209
 24.86 2.834013603265296
 24.88 3.9490189552909856
 24.9 5.352025689723312
 24.92 7.142034281764553
 24.94 9.463045422618029
 24.96 12.531060149088717
 24.98 16.676080045184214
 25.0 22.467107842117642
 25.02 30.895148296711824
 25.04 43.82121034180964
 25.06 64.97231186709696
 25.08 103.2464955831788
 25.1 187.14489829551184
 25.12 415.69499533597764
 25.14 954.5755819627935
 25.16 1221.3568625129403
 25.18 631.2700300961445
 25.2 274.53231775512523
 25.22 147.93571009140845
 25.24 104.06549951439767
 25.26 97.22746669184014
 25.28 134.15164392789086
 25.3 224.8130791027797
 25.32 215.02703212975425
 25.34 136.16265358073719
 25.36 126.99760958852603
 25.38 210.7760117248563
 25.4 449.55015784075766
 25.42 598.9218748249991
 25.44 319.6005340825636
 25.46 142.69768494888777
 25.48 75.02336011212854
 25.5 48.6152333531201
 25.52 37.55018024086515
 25.54 37.37517940086113
 25.56 41.88720105856508
 25.58 29.940143712689824
 25.6 18.90709075403562
 25.62 13.981067109122124
 25.64 11.73905634747047
 25.66 16.933081278790137
 25.68 16.745080376385808
 25.7 17.020081696392143
 25.72 17.67708485000728
 25.74 18.681089669230413
 25.76 20.029096139661473
 25.78 21.73210431410071
 25.8 23.823114350948885
 25.82 26.352126490207155
 25.84 29.38714105827708
 25.86 33.02315851116086
 25.88 37.387179458461404
 25.9 42.65120472578269
 25.92 47.92923006030429
 25.94 55.84026803328656
 25.96 65.66031516951281
 25.98 78.12437499699999
 26.0 94.07045153816738
 26.02 115.08555241065157
 26.04 143.63268943690932
 26.06 183.82388235463532
 26.08 243.03516656879953
 26.1 335.5566106717312
 26.12 492.95236617135765
 26.14 800.1068405128344
 26.16 1562.760501250406
 26.18 3623.607393315488
 26.2 6845.061856296911
 26.22 5198.085950812564
 26.24 2319.7551348246475
 26.26 1134.9564477909494
 26.28 725.993484768727
 26.3 574.8637593460448
 26.32 544.1786120573379
 26.34 612.9499421597224
 26.36 827.513972067066
 26.38 1407.233754722023
 26.4 3074.5247577188375
 26.42 6462.067017921687
 26.44 6284.373164991192
 26.46 2910.716971441463
 26.48 1293.5222089066028
 26.5 705.7983878322616
 26.52 450.68816330318384
 26.54 313.1605031704152
 26.56 230.12610460530212
 26.58 176.29884623446193
 26.6 139.59767006881634
 26.62 113.74454597382068
 26.64 95.3734577925974
 26.66 82.93739809951087
 26.68 77.08136999057596
 26.7 83.75240201152965
 26.72 113.0075424362037
 26.74 123.10059088283624
 26.76 85.26740928356456
 26.78 74.45935740491555
 26.8 91.79544061811497
 26.82 79.0143792690205
 26.84 46.68722409867567
 26.86 30.572146746304384
 26.88 23.3811122293387
 26.9 19.322092746045183
 26.92 16.638079862783343
 26.94 14.783070958740602
 26.96 7.620036576175566
 26.98 7.293035006568032
 27.0 7.381035428970059
 27.02 9.163043982611118
 27.04 11.83505680827268
 27.06 16.258078038774585
 27.08 20.421098021270502
 27.1 30.49614638150263
 27.12 55.99926879649023
 27.14 125.95160456770192
 27.16 249.41119717374644
 27.18 213.02202250570804
 27.2 109.67252642812686
 27.22 79.90638355064105
 27.24 109.09752366811361
 27.26 91.32743837170419
 27.28 44.29121259782047
 27.3 23.32111194133732
 27.32 16.179077659572766
 27.34 14.04206740192353
 27.36 14.372068985931133
 27.38 16.66307998278392
 27.4 21.231101909289166
 27.42 29.292140602274895
 27.44 44.07421155621547
 27.46 76.22036585775612
 27.48 162.67678084854808
 27.5 363.69774574917966
 27.52 457.8301975849484
 27.54 243.15416714000227
 27.56 117.95256617231763
 27.58 79.14137987862343
 27.6 76.23536592975647
 27.62 81.44839095227657
 27.64 74.3833570401138
 27.66 77.33037118578169
 27.68 93.24444757334835
 27.7 123.10559090683637
 27.72 175.0688403304336
 27.74 271.57930358065715
 27.76 486.41633479840704
 27.78 1075.8491640759876
 27.8 2459.5358057718677
 27.82 3101.3608865322553
 27.84 1584.5566058717081
 27.86 677.9812543100206
 27.88 348.8036742576365
 27.9 219.92705564986713
 27.92 163.32578396376303
 27.94 156.38975067080324
 27.96 206.51999129595822
 27.98 212.1350182480876
 28.0 119.60557410675572
 28.02 66.4973191871321
 28.04 44.208212199418554
 28.06 33.43616049357037
 28.08 26.57512756061229
 28.1 20.536098573273154
 28.12 16.186077693172926
 28.14 13.090062832301596
 28.16 10.738051542647405
 28.18 8.877042609804528
 28.2 7.371035380969829
 28.22 6.254030019344093
 28.24 5.300025440122113
 28.26 4.5160216769040495
 28.28 3.435016488079143
 28.3 2.8800138240663555
 28.32 2.391011476855089
 28.34 1.9800095040456194
 28.36 1.6350078480376706
 28.38 1.3220063456304592
 28.4 1.0840052032249756
 28.42 0.8880042624204597
 28.44 0.7320035136168653
 28.46 0.6110029328140775
 28.48 0.52300251041205
 28.5 0.4690022512108058
 28.52 0.44900215521034503
 28.54 0.4660022368107367
 28.56 0.5250025200120961
 28.58 -2.2850109680526467
 28.6 -1.946009340844836
 28.62 -1.5060072288346984
 28.64 -0.8870042576204367
 28.66 0.08000038400184321
 28.68 1.8200087360419333
 28.7 6.012028857738517
 28.72 16.89108107718917
 28.74 31.45615098952475
 28.76 21.41610279729343
 28.78 9.03604337300819
 28.8 4.52302171050421
 28.82 3.4800167040801795
 28.84 3.8800186240893955
 28.86 5.505026424126836
 28.88 9.25604442901326
 28.9 18.806090269233295
 28.92 42.65120472578269
 28.94 70.86534015363273
 28.96 66.69932015673675
 28.98 83.00939844511254
 29.0 73.13335104008499
 29.02 36.305174264836474
 29.04 16.069077131570232
 29.06 8.225039480189505
 29.08 4.785022968110248
 29.1 2.9350140880676228
 29.12 1.816008716841841
 29.14 1.0910052368251368
 29.16 0.599002875213801
 29.18 0.2540012192058522
 29.2 0.006000028800138241
 29.22 -0.18000086400414722
 29.24 -0.31600151680728067
 29.26 -0.4140019872095386
 29.28 -0.48500232801117443
 29.3 -0.5290025392121883
 29.32 -0.5520026496127182
 29.34 -0.5560026688128104
 29.36 -0.5400025920124417
 29.38 -0.5060024288116584
 29.4 -0.4520021696104142
 29.42 -0.373001790408594
 29.44 -0.2650012720061057
 29.46 -0.11900057120274177
 29.48 0.07200034560165888
 29.5 0.29300140640675076
 29.52 0.6310030288145383
 29.54 1.1340054432261275
 29.56 1.7720085056408272
 29.58 2.676012844861656
 29.6 4.012019257692437
 29.62 6.094029251340407
 29.64 9.613046142621485
 29.66 16.373078590777236
 29.68 31.363150543122607
 29.7 62.21029860943333
 29.72 129.94362372939392
 29.74 216.15603754898024
 29.76 139.6436702896174
 29.78 58.668281607751716
 29.8 26.835128808618283
 29.82 15.080072384347446
 29.84 9.363044942615725
 29.86 6.146029500941605
 29.88 4.17402003529617
 29.9 2.8940138912666784
 29.92 2.031009748846795
 29.94 1.4380069024331317
 29.96 1.0310049488237543
 29.98 0.7580036384174644
 30.0 0.5900028320135936
 30.02 0.6090029232140315
 30.04 0.6120029376141005
 30.06 0.6890033072158747
 30.08 0.8440040512194459
 30.1 1.1080053184255285
 30.12 1.4530069744334775
 30.14 1.9330092784445367
 30.16 2.5990124752598818
 30.18 3.479016699280157
 30.2 4.6460223009070445
 30.22 6.3970307057473885
 30.24 9.242044361812939
 30.26 14.788070982740718
 30.28 28.08113478944699
 30.3 54.35926092445244
 30.32 59.266284478165495
 30.34 41.90120112576541
 30.36 40.64519509693647
 30.38 55.80526786528576
 30.4 99.08247559588285
 30.42 220.48205831387992
 30.44 455.9291884601046
 30.46 433.7280818947931
 30.48 239.3441488519145
 30.5 188.7759061243494
 30.52 150.69072331547193
 30.54 112.8215415433994
 30.56 148.63671345622458
 30.58 269.95529578541976
 30.6 266.14327748773195
 30.62 128.82561836296813
 30.64 63.00730243505169
 30.66 39.92719165051992
 30.68 33.60116128557417
 30.7 40.52819453533377
 30.72 71.3153423136431
 30.74 109.63152623132592
 30.76 71.65234393125087
 30.78 34.43916530799348
 30.8 20.9591006036829
 30.82 19.559093883650643
 30.84 27.35613130943029
 30.86 30.724147475907884
 30.88 18.056086669216015
 30.9 10.616050957044594
 30.92 8.062038697785749
 30.94 7.454035779371741
 30.96 7.862037737781142
 30.98 9.250044400213122
 31.0 12.196058541080998
 31.02 18.947090946036543
 31.04 35.55617066961921
 31.06 61.22929390061073
 31.08 58.719281852552896
 31.1 64.37330899188316
 31.12 119.90257553236256
 31.14 193.99093115646957
 31.16 130.30962548620235
 31.18 62.67830085584411
 31.2 37.71118101366886
 31.22 30.717147442307724
 31.24 30.07514436069293
 31.26 34.72516668080007
 31.28 43.099206876193
 31.3 57.99727838693626
 31.32 84.35940492514364
 31.34 136.22465387833861
 31.36 260.0942484523926
 31.38 602.7908933962883
 31.4 1257.0100336481614
 31.42 1140.9934767686887
 31.44 513.5964652630333
 31.46 226.3310863892147
 31.48 122.26458687001697
 31.5 76.80636867056963
 31.52 52.350251281206155
 31.54 37.71618103766898
 31.56 28.352136090253236
 31.58 22.065105912508383
 31.6 17.704084979607902
 31.62 14.589070027536133
 31.64 12.383059438685306
 31.66 10.826051965049434
 31.68 9.771046901025127
 31.7 9.129043819410333
 31.72 8.850042480203905
 31.74 8.915042792205401
 31.76 9.33504480821508
 31.78 10.153048734633927
 31.8 11.452054969863855
 31.82 13.333063998707194
 31.84 16.123077390771478
 31.86 20.19909695566539
 31.88 26.290126192605726
 31.9 35.91417238802747
 31.92 53.27625572602749
 31.94 90.68343528048936
 31.96 176.51184725686684
 31.98 291.96140141472677
 32.0 363.7237458739802
 32.02 588.7608260519651
 32.04 625.7230034704168
 32.06 539.3025886524255
 32.08 703.9043787410179
 32.1 536.3505744827575
 32.12 252.23621073381156
 32.14 121.24358196919346
 32.16 69.96333582401195
 32.18 45.715219433053285
 32.2 30.792147802309454
 32.22 23.025110520530497
 32.24 17.362083338000023
 32.26 13.482064713910626
 32.28 10.8680521666504
 32.3 9.510045648219112
 32.32 9.80204704982584
 32.34 9.637046257822039
 32.36 6.5020312097498065
 32.38 4.376021004900824
 32.4 3.323015950476562
 32.42 2.6810128688617705
 32.44 2.262010857652117
 32.46 2.0000096000460803
 32.48 1.8670089616430159
 32.5 1.8610089328428776
 32.52 1.9950095760459652
 32.54 2.31901113125343
 32.56 2.9010139248668394
 32.58 3.965019032091354
 32.6 6.26603007694437
 32.62 12.011057653076735
 32.64 25.240121152581533
 32.66 32.28215495434378
 32.68 19.00109120523779
 32.7 11.423054830663188
 32.72 9.451045365017753
 32.74 9.968047846629664
 32.76 11.738056342670445
 32.78 14.724070675539243
 32.8 19.346092861245737
 32.82 26.093125247001186
 32.84 37.31817912725981
 32.86 58.16427918854011
 32.88 101.45148696713744
 32.9 215.51003444816536
 32.92 510.8904522741709
 32.94 824.0239553149855
 32.96 501.23340592034845
 32.98 211.6500159200764
 33.0 100.77248370792181
 33.02 58.77328211175414
 33.04 38.7501860008928
 33.06 27.869133771842105
 33.08 22.01510567250723
 33.1 20.214097027665733
 33.12 24.939119707774598
 33.14 40.624194996135984
 33.16 45.50921844424853
 33.18 25.9461245413978
 33.2 15.466074237156338
 33.22 11.221053861058534
 33.24 10.398049910639571
 33.26 13.460064608310121
 33.28 16.7490803955859
 33.3 14.741070757139635
 33.32 17.895085896412304
 33.34 34.66416638799866
 33.36 73.96035500970405
 33.38 81.54239140347875
 33.4 39.33818882330635
 33.42 16.959081403590737
 33.44 8.776042125002201
 33.46 5.307025473722274
 33.48 3.461016612879742
 33.5 2.3550113040542597
 33.52 1.644007891237878
 33.54 1.167005601626888
 33.56 0.8390040272193307
 33.58 0.6110029328140775
 33.6 0.45700219361052935
 33.62 0.3590017232082714
 33.64 0.31000148800714245
 33.66 0.30600146880705026
 33.68 -0.44400213121022986
 33.7 -0.30600146880705026
 33.72 -0.10400049920239617
 33.74 0.18700089760430852
 33.76 0.6170029616142158
 33.78 1.2910061968297448
 33.8 2.4250116400558723
 33.82 4.5820219937055695
 33.84 9.747046785824573
 33.86 23.958114998951995
 33.88 50.47024225716284
 33.9 44.6572143546289
 33.92 19.531093749249997
 33.94 8.227039489789552
 33.96 4.157019953695778
 33.98 2.390011472055066
 34.0 1.4560069888335465
 34.02 0.9140043872210587
 34.04 0.5670027216130638
 34.06 0.36600175680843267
 34.08 0.2840013632065434
 34.1 0.37000177600852485
 34.12 0.746003580817188
 34.14 0.9260044448213353
 34.16 0.33200159360764936
 34.18 0.015000072000345602
 34.2 -0.10600050880244226
 34.22 -0.15500074400357122
 34.24 -0.17800085440410113
 34.26 -0.18800090240433154
 34.28 -0.19000091200437763
 34.3 -0.18800090240433154
 34.32 -0.18200087360419331
 34.34 -0.17400083520400897
 34.36 -0.16600079680382468
 34.38 -0.15700075360361732
 34.4 -0.14800071040340992
 34.42 -0.14000067200322563
 34.44 -0.13200063360304132
 34.46 -0.12500060000288002
 34.48 -0.06100029280140545
 34.5 -0.05300025440122113
 34.52 -0.046000220801059845
 34.54 -0.042000201600967686
 34.56 -0.04100019680094465
 34.58 -0.043000206400990726
 34.6 -0.045000216001036805
 34.62 -0.04900023520112897
 34.64 -0.05300025440122113
 34.66 -0.10800051840248834
 34.68 -0.11100053280255746
 34.7 -0.11400054720262658
 34.72 -0.1170005616026957
 34.74 -0.09200044160211969
 34.76 -0.09300044640214274
 34.78 -0.09300044640214274
 34.8 -0.09200044160211969
 34.82 -0.07500036000172801
 34.84 -0.06800032640156674
 34.86 -0.058000278401336335
 34.88 0.12400059520285697
 34.9 0.15000072000345602
 34.92 0.18400088320423938
 34.94 0.2260010848052071
 34.96 0.2790013392064282
 34.98 0.3470016656079949
 35.0 0.43500208801002244
 35.02 0.5490026352126491
 35.04 0.7010033648161511
 35.06 0.9080043584209205
 35.08 1.1990057552276252
 35.1 1.6240077952374172
 35.12 2.2760109248524394
 35.14 3.343016046477023
 35.16 5.546026620927781
 35.18 9.811047093026048
 35.2 21.415102792493403
 35.22 48.468232647516714
 35.24 60.62029097739669
 35.26 31.22214986631936
 35.28 13.859066523519314
 35.3 7.646036700976165
 35.32 5.287025377721813
 35.34 4.254020419298012
 35.36 3.879018619289373
 35.38 4.0020192096922065
 35.4 4.415021192101722
 35.42 5.291025396921905
 35.44 6.941033316959921
 35.46 10.432050073840355
 35.48 19.067091522039306
 35.5 35.95117256562832
 35.52 39.57218994651175
 35.54 34.686166493599174
 35.56 44.89521549703439
 35.58 64.68531048949035
 35.6 124.1355958508601
 35.62 181.58387160258368
 35.64 106.1325094360453
 35.66 47.041225797883826
 35.68 25.020120096576463
 35.7 16.980081504391222
 35.72 13.69706574591558
 35.74 12.7690612914942
 35.76 13.624065395513899
 35.78 16.527079329980786
 35.8 22.799109435725292
 35.82 37.09017803285456
 35.84 75.46636223853874
 35.86 174.6608383720242
 35.88 272.9863103342896
 35.9 162.93578209175405
 35.92 69.94433573281152
 35.94 34.65216633039839
 35.96 21.284102163690385
 35.98 14.998071990745556
 36.0 11.703056174669639
 36.02 10.202048969835056
 36.04 10.035048168231208
 36.06 11.510055248265193
 36.08 15.605074904359542
 36.1 26.889129067819525
 36.12 55.8072678748858
 36.14 101.40448674153636
 36.16 103.06949473357473
 36.18 50.09724046675424
 36.2 22.66010876852209
 36.22 12.607060513890467
 36.24 8.35804011859257
 36.26 6.148029510541651
 36.28 4.88802346251262
 36.3 4.132019833695201
 36.32 3.7240178752858015
 36.34 3.5730171504823223
 36.36 3.456016588879627
 36.38 3.7280178944858937
 36.4 4.227020289697391
 36.42 4.9810239089147625
 36.44 6.12802941454119
 36.46 7.879037819381533
 36.48 10.648051110645332
 36.5 15.310073488352746
 36.52 24.125115800555843
 36.54 44.98421592423644
 36.56 101.70448818154327
 36.58 206.6569919535614
 36.6 185.3558897082706
 36.62 93.85145048696234
 36.64 67.29332300795045
 36.66 87.81842152842334
 36.68 87.2004185620091
 36.7 51.212245818779934
 36.72 35.5991708760202
 36.74 31.67215202632973
 36.76 41.8662009577646
 36.78 81.14438949306958
 36.8 145.94570053936258
 36.82 120.42057801877449
 36.84 86.40841476039085
 36.86 88.5594250852404
 36.88 54.353260895652305
 36.9 26.303126255006028
 36.92 14.962071817944727
 36.94 10.612050937844502
 36.96 8.415040392193882
 36.98 6.165029592142043
 37.0 4.830023184111284
 37.02 4.254020419298012
 37.04 4.213020222497068
 37.06 4.7610228529096945
 37.08 6.34503045614619
 37.1 10.737051537847382
 37.12 23.22311147093506
 37.14 45.47121826184765
 37.16 38.60418530008944
 37.18 17.95208617001362
 37.2 9.0060432290075
 37.22 6.067029121739785
 37.24 5.222025065720316
 37.26 5.450026160125569
 37.28 6.7460323809554295
 37.3 9.623046190621714
 37.32 16.326078365176155
 37.34 34.93816770320498
 37.36 81.01238885946653
 37.38 114.56854992903966
 37.4 62.42029961743817
 37.42 26.090125232601117
 37.44 12.569060331489592
 37.46 7.170034416165198
 37.48 4.497021585703611
 37.5 2.9530141744680374
 37.52 1.9870095376457808
 37.54 1.3500064800311042
 37.56 0.8210039408189159
 37.58 0.49900239521149703
 37.6 0.24000115200552963
 37.62 0.1270006096029261
 37.64 0.10100048480232707
 37.66 0.23000110400529925
 37.68 0.7240034752166811
 37.7 1.5520074496357583
 37.72 1.1650055920268418
 37.74 0.5060024288116584
 37.76 0.33400160320769545
 37.78 0.4330020784099764
 37.8 0.7150034320164737
 37.82 1.2370059376285008
 37.84 2.1730104304500664
 37.86 4.129019819295133
 37.88 9.241044357012914
 37.9 21.738104342900847
 37.92 31.63415184392885
 37.94 19.09709166604
 37.96 11.701056165069593
 37.98 14.420069216332239
 38.0 28.727137890261876
 38.02 39.802191050517045
 38.04 21.764104467701443
 38.06 9.062043497808789
 38.08 4.294020611298934
 38.1 2.3630113424544437
 38.12 1.3760066048317032
 38.14 0.6920033216159437
 38.16 0.3280015744075572
 38.18 0.08600041280198145
 38.2 -0.012000057600276483
 38.22 -0.12900061920297218
 38.24 -0.21100101280486147
 38.26 -0.2660012768061287
 38.28 -0.3010014448069351
 38.3 -0.31400150720723463
 38.32 -0.29300140640675076
 38.34 -0.25600122880589826
 38.36 -0.22200106560511493
 38.38 -0.16700080160384773
 38.4 -0.07900037920182017
 38.42 0.06300030240145153
 38.44 0.41800200640963076
 38.46 1.0110048528232936
 38.48 1.7760085248409194
 38.5 1.6290078192375324
 38.52 1.6540079392381084
 38.54 2.512012057657877
 38.56 5.034024163315984
 38.58 10.079048379432223
 38.6 10.10504850423282
 38.62 6.5660315169512815
 38.64 5.833027998534393
 38.66 7.277034929767663
 38.68 11.258054038659385
 38.7 21.655103944498936
 38.72 49.14823591153238
 38.74 88.12542300203042
 38.76 72.4173476032685
 38.78 42.21720264257269
 38.8 37.89318188727306
 38.82 43.348208071398744
 38.84 26.74812839101628
 38.86 14.88807146274302
 38.88 11.330054384261045
 38.9 12.048057830677587
 38.92 17.441083717201842
 38.94 34.498165591194834
 38.96 71.6013436864497
 38.98 76.36636655855948
 39.0 40.748195591338835
 39.02 26.84112883741842
 39.04 32.36315534314565
 39.06 47.41822760749252
 39.08 50.05624026995329
 39.1 34.12516380078625
 39.12 23.31911193173727
 39.14 26.394126691808122
 39.16 48.26723168271208
 39.18 90.79243580369186
 39.2 79.80638307063874
 39.22 42.69020491298358
 39.24 30.928148455112588
 39.26 36.55317545524218
 39.28 64.56430990868756
 39.3 139.29166860000927
 39.32 184.37388499464797
 39.34 97.71446902945135
 39.36 41.72820029536142
 39.38 20.911100373281794
 39.4 12.498059990687954
 39.42 8.175039240188354
 39.44 5.630027024129716
 39.46 4.010019248092391
 39.48 2.924014035267369
 39.5 2.31901113125343
 39.52 1.8000086400414723
 39.54 1.4360068928330856
 39.56 1.1530055344265653
 39.58 0.9940047712229019
 39.6 0.9100043680209666
 39.62 0.8930042864205748
 39.64 0.9590046032220955
 39.66 1.073005150424722
 39.68 1.2600060480290307
 39.7 1.5300073440352515
 39.72 1.9040091392438683
 39.74 2.410011568055527
 39.76 3.0300145440698114
 39.78 3.9730190704915382
 39.8 5.652027129730223
 39.82 7.560036288174183
 39.84 10.501050405041944
 39.86 15.346073661153575
 39.88 24.556117869365774
 39.9 46.47222306667072
 39.92 100.1214805831068
 39.94 160.79377181010472
 39.96 150.97072465947838
 39.98 160.84977207890597
 40.0 207.53999619198171
 40.02 196.96994545573818
 40.04 151.10072528348135
 40.06 75.98436472495068
 40.08 41.26619807775077
 40.1 29.099139675870447
 40.12 25.85812411899577
 40.14 28.292135802251853
 40.16 38.69418573209152
 40.18 70.7163394384293
 40.2 155.74374756998833
 40.22 241.33415840396034
 40.24 146.39470269457294
 40.26 65.5723147471108
 40.28 35.34816967121442
 40.3 24.237116338158422
 40.32 19.602094090051633
 40.34 18.088086822816752
 40.36 19.279092539644193
 40.38 25.01512007257635
 40.4 36.92017721685065
 40.42 38.62218538648985
 40.44 33.40216033036959
 40.46 36.73317631924633
 40.48 49.351236885937055
 40.5 79.07337955222185
 40.52 158.49476077485173
 40.54 338.2626236605936
 40.56 416.711000212801
 40.58 261.7052561852297
 40.6 234.591126037405
 40.62 384.25484442325325
 40.64 567.3177231250711
 40.66 355.7807077473972
 40.68 164.76179085659612
 40.7 93.40444834135204
 40.72 71.36834256804433
 40.74 71.55034344164852
 40.76 95.01945609338925
 40.78 154.71074261156454
 40.8 298.38243223567474
 40.82 388.540864996152
 40.84 228.78309815887118
 40.86 146.52970334257606
 40.88 145.71269942095722
 40.9 117.05856188109703
 40.92 70.77733973123071
 40.94 55.11226453886979
 40.96 64.64031027348932
 40.98 106.69651214325829
 41.0 179.69786254974025
 41.02 276.5483274319717
 41.04 219.09305164664792
 41.06 101.83548881034629
 41.08 48.69223372272187
 41.1 28.517136882257034
 41.12 19.17709205004184
 41.14 13.942066921921226
 41.16 10.725051480247105
 41.18 8.67704164979992
 41.2 7.44003571217142
 41.22 7.118034166564001
 41.24 7.973038270583699
 41.26 8.674041635399849
 41.28 8.199039355388907
 41.3 10.538050582642798
 41.32 19.424093235647533
 41.34 36.5191752920414
 41.36 34.429165259993255
 41.38 16.52607932518076
 41.4 7.261034852967295
 41.42 3.7560180288865386
 41.44 2.2080105984508727
 41.46 1.3530064944311733
 41.48 0.9090043632209436
 41.5 0.5570026736128334
 41.52 0.3130015024072116
 41.54 0.2630012624060596
 41.56 0.13300063840306434
 41.58 -0.27700132960638213
 41.6 -0.31200149760718854
 41.62 -0.3040014592070042
 41.64 -0.26200125760603654
 41.66 -0.25200120960580613
 41.68 -0.10200048960235009
 41.7 0.13700065760315652
 41.72 0.5350025680123265
 41.74 1.2770061296294222
 41.76 3.0060144288692583
 41.78 7.576036364974552
 41.8 15.806075869164172
 41.82 13.93406688352104
 41.84 6.5010312049497845
 41.86 3.5490170352817696
 41.88 3.165015192072922
 41.9 4.354020899300317
 41.92 7.6620367777765335
 41.94 12.193058526680929
 41.96 20.013096062861106
 41.98 38.41918441208518
 42.0 39.23518832890398
 42.02 24.315116712560222
 42.04 12.699060955492588
 42.06 8.07203874578598
 42.08 6.249029995343977
 42.1 5.8810282289355
 42.12 6.913033182559277
 42.14 9.636046253022014
 42.16 16.030076944369334
 42.18 32.91515799275837
 42.2 72.70434898087511
 42.22 96.31346230461907
 42.24 58.975283081358796
 42.26 44.634214244228374
 42.28 68.71232981918314
 42.3 131.32063033902563
 42.32 122.34858727321891
 42.34 56.60627171010421
 42.36 25.940124512597663
 42.38 15.735075528362536
 42.4 13.61406534751367
 42.42 12.230058704281781
 42.44 7.3650353521696905
 42.46 4.481021508903242
 42.48 3.438016502479212
 42.5 3.53601697288147
 42.52 3.2590156432750876
 42.54 2.0030096144461496
 42.56 1.3060062688300904
 42.58 1.016004876823409
 42.6 0.9420045216217038
 42.62 1.001004804823063
 42.64 1.195005736027533
 42.66 1.568007526436127
 42.68 2.2250106800512643
 42.7 3.4310164688790508
 42.72 6.10502930414066
 42.74 13.169063211503417
 42.76 27.355131304630262
 42.78 28.088134823047152
 42.8 15.675075240361155
 42.82 10.909052363451346
 42.84 11.584055603466897
 42.86 16.21707784197364
 42.88 28.339136027852934
 42.9 61.54229540301794
 42.92 128.4886167453604
 42.94 148.17171122421388
 42.96 134.60864612150138
 42.98 87.04941783720562
 43.0 43.10420690019312
 43.02 21.235101928489257
 43.04 11.841056837072818
 43.06 7.364035347369668
 43.08 4.9420237217138645
 43.1 3.2640156672752028
 43.12 2.2330107184514487
 43.14 1.520007296035021
 43.16 1.0120048576233167
 43.18 0.6390030672147227
 43.2 0.37200178560857095
 43.22 0.18200087360419331
 43.24 0.05200024960119808
 43.26 -0.027000129600622085
 43.28 -0.03800018240087553
 43.3 -0.023000110400529922
 43.32 0.044000211201013766
 43.34 0.17000081600391684
 43.36 0.37500180000864003
 43.38 0.6900033120158976
 43.4 1.221005860828132
 43.42 2.021009700846564
 43.44 3.4570165936796498
 43.46 6.650031920153217
 43.48 15.040072192346523
 43.5 30.98914874791399
 43.52 29.550141840680837
 43.54 16.18007766437279
 43.56 11.73305631867033
 43.58 13.923066830720789
 43.6 23.750114000547203
 43.62 45.550218641049476
 43.64 68.79533021758505
 43.66 108.90152272730909
 43.68 102.61049253036416
 43.7 49.82323915154793
 43.72 25.72812349499278
 43.74 20.34409765166873
 43.76 26.859128923818837
 43.78 53.22225546682625
 43.8 90.76443566929122
 43.82 62.06729792303003
 43.84 26.87712901021925
 43.86 12.63106062909102
 43.88 7.27603492496764
 43.9 4.818023126511007
 43.92 3.6050173040830598
 43.94 3.1810152688732907
 43.96 3.5790171792824608
 43.98 5.665027192130522
 44.0 12.06205789787791
 44.02 22.105106104509304
 44.04 16.899081115589357
 44.06 8.828042374603397
 44.08 7.075033960163009
 44.1 11.191053717057843
 44.12 24.35111688536105
 44.14 41.13619745374778
 44.16 28.412136378254615
 44.18 11.900057120274179
 44.2 5.12802461451815
 44.22 2.6230125904604344
 44.24 1.5610074928359656
 44.26 1.2910061968297448
 44.28 2.0100096480463105
 44.3 3.4240164352788893
 44.32 2.2260106848512873
 44.34 0.6510031248149991
 44.36 0.04100019680094465
 44.38 -0.045000216001036805
 44.4 0.34200164160787977
 44.42 1.1860056928273255
 44.44 0.9270044496213583
 44.46 0.019000091200437764
 44.48 -0.2890013872066586
 44.5 -0.299001435206889
 44.52 -0.19500093600449284
 44.54 -0.00200000960004608
 44.56 0.21400102720493058
 44.58 0.722003465616635
 44.6 1.7210082608396522
 44.62 3.272015705675387
 44.64 3.445016536079373
 44.66 3.2760157248754793
 44.68 3.987019137691861
 44.7 5.450026160125569
 44.72 7.7900373921794825
 44.74 11.550055440266114
 44.76 18.069086731616313
 44.78 30.862148138311063
 44.8 62.41229957903798
 44.82 146.35270249297199
 44.84 276.97232946718145
 44.86 217.0300417442004
 44.88 102.3654913543585
 44.9 65.24631318230327
 44.92 71.61934377285012
 44.94 60.757291634999845
 44.96 34.65216633039839
 44.98 20.513098462872623
 45.0 17.583084398805113
 45.02 24.756118829370383
 45.04 41.08119718974652
 45.06 33.51516087277219
 45.08 15.922076425966846
 45.1 8.134039043387409
 45.12 5.237025137720662
 45.14 4.067019521693704
 45.16 3.849018475288682
 45.18 4.93702369771375
 45.2 8.852042489803951
 45.22 14.268068486728737
 45.24 10.494050371441784
 45.26 5.608026918529209
 45.28 3.583017198482553
 45.3 3.0520146496703187
 45.32 3.116014956871793
 45.34 3.5290169392813087
 45.36 4.27302051049845
 45.38 5.387025857724117
 45.4 7.03903378736218
 45.42 9.553045854620104
 45.44 13.626065405113945
 45.46 21.23310191888921
 45.48 38.44718454648583
 45.5 75.42236202733773
 45.52 110.77553172255227
 45.54 143.6066893121087
 45.56 151.85372889789872
 45.58 138.85066648319912
 45.6 202.64197268146887
 45.62 364.86075133160637
 45.64 414.06298750234
 45.66 206.93399328316775
 45.68 89.65643035086569
 45.7 46.34422245226777
 45.72 28.205135384649846
 45.74 18.674089635630253
 45.76 13.104062899501917
 45.78 9.481045509018443
 45.8 7.054033859362526
 45.82 5.352025689723312
 45.84 4.218020246497184
 45.86 3.584017203282576
 45.88 3.557017073681954
 45.9 4.453021374502598
 45.92 7.731037108978123
 45.94 11.178053654657544
 45.96 7.017033681761673
 45.98 3.5450170160816774
 46.0 2.443011726456287
 46.02 2.647012705660987
 46.04 4.251020404897944
 46.06 8.974043075406762
 46.08 14.308068678729658
 46.1 9.392045081816393
 46.12 5.070024336116814
 46.14 4.075019560093889
 46.16 5.039024187316099
 46.18 8.735041928201255
 46.2 18.7370899380317
 46.22 31.349150475922286
 46.24 22.794109411725177
 46.26 14.521069701134566
 46.28 16.06207709797007
 46.3 29.032139354268903
 46.32 48.61923337232019
 46.34 37.51618007766437
 46.36 25.074120355777712
 46.38 27.513132063033904
 46.4 41.8142007081634
 46.42 76.13736545935421
 46.44 116.56855952908575
 46.46 103.96149901519527
 46.48 112.09053803458258
 46.5 124.93559969087852
 46.52 73.94235492330363
 46.54 47.51622807789477
 46.56 52.96525423322033
 46.58 95.7934598086071
 46.6 175.1908409160364
 46.62 195.96594063651506
 46.64 106.3845106456511
 46.66 49.218236247533994
 46.68 30.316145517498484
 46.7 25.366121757384438
 46.72 22.823109550925846
 46.74 31.138149463117426
 46.76 58.99228316295918
 46.78 68.97033105758908
 46.8 34.92916766000477
 46.82 15.268073286751777
 46.84 7.850037680180865
 46.86 4.653022334507205
 46.88 2.9270140496674384
 46.9 1.9250092400443524
 46.92 1.2780061344294453
 46.94 0.8860042528204136
 46.96 0.6850032880157826
 46.98 0.6380030624146996
 47.0 0.8080038784186165
 47.02 1.2370059376285008
 47.04 2.074009955247785
 47.06 3.6730176304846265
 47.08 7.006033628961419
 47.1 15.833075998764794
 47.12 39.56718992251163
 47.14 71.6013436864497
 47.16 48.20023136111054
 47.18 19.63009422445228
 47.2 8.215039432189275
 47.22 3.989019147291907
 47.24 2.117010161648776
 47.26 1.121005380825828
 47.28 0.8390040272193307
 47.3 1.2610060528290534
 47.32 3.2890157872757793
 47.34 8.581041188997707
 47.36 11.581055589066828
 47.38 5.515026472127066
 47.4 1.7990086352414492
 47.42 0.8200039360188929
 47.44 1.4780070944340533
 47.46 4.435021288102183
 47.48 8.48604073299552
 47.5 5.333025598522873
 47.52 1.946009340844836
 47.54 0.8710041808200679
 47.56 1.123005390425874
 47.58 2.4510117648564713
 47.6 6.398030710547411
 47.62 17.138082262794864
 47.64 35.674171236021934
 47.66 28.693137727061092
 47.68 11.682056073869155
 47.7 4.387021057701077
 47.72 1.8090086832416796
 47.74 0.8060038688185704
 47.76 0.4910023568113127
 47.78 0.3290015792075802
 47.8 0.4390021072101146
 47.82 1.4640070272337307
 47.84 4.772022905709948
 47.86 10.78205175384842
 47.88 8.808042278602937
 47.9 3.1060149088715625
 47.92 0.6680032064153909
 47.94 -0.18000086400414722
 47.96 -0.5100024480117505
 47.98 -0.6240029952143771
 48.0 -0.6130029424141236
 48.02 -0.5080024384117044
 48.04 -0.23000110400529925
 48.06 0.07500036000172801
 48.08 0.5170024816119118
 48.1 1.301006244829975
 48.12 2.3410112368539373
 48.14 4.212020217697045
 48.16 8.24303956658992
 48.18 17.039081787592583
 48.2 27.29413101182886
 48.22 36.3541745000376
 48.24 40.31419350812884
 48.26 51.711248213991425
 48.28 58.03427856453711
 48.3 46.177221650663924
 48.32 60.76229165899996
 48.34 96.83846482463116
 48.36 138.49966479839102
 48.38 122.28058694681735
 48.4 56.12626940609315
 48.42 24.742118762170062
 48.44 13.057062673900836
 48.46 7.8540376993809575
 48.48 5.040024192116123
 48.5 3.3650161520775304
 48.52 2.3320111936537296
 48.54 1.7010081648391913
 48.56 1.3550065040312194
 48.58 1.2370059376285008
 48.6 1.3350064080307587
 48.62 1.6730080304385462
 48.64 2.44401173125631
 48.66 3.5590170832820003
 48.68 5.435026088125223
 48.7 8.752042009801649
 48.72 15.481074309156684
 48.74 32.23215471434263
 48.76 72.22834669606414
 48.78 111.95553738657946
 48.8 117.47856389710671
 48.82 140.35867372163386
 48.84 84.2974046275422
 48.86 36.49217516244078
 48.88 17.870085776411727
 48.9 10.946052541052197
 48.92 8.574041155397547
 48.94 10.038048182631277
 48.96 16.99608158119159
 48.98 24.047115426154047
 49.0 14.432069273932516
 49.02 6.865032952158171
 49.04 3.3020158496760788
 49.06 1.5850076080365185
 49.08 0.4290020592098842
 49.1 -0.3890018672089626
 49.12 -0.7420035616170958
 49.14 -0.823003950418962
 49.16 -0.8020038496184783
 49.18 -0.3960019008091239
 49.2 0.5180024864119348
 49.22 2.693012926462047
 49.24 6.731032308955083
 49.26 7.591036436974898
 49.28 6.990033552161051
 49.3 8.842042441803722
 49.32 14.30906868352968
 49.34 30.50214641030277
 49.36 75.08336040012992
 49.38 139.58266999681598
 49.4 99.47147746309183
 49.42 43.76821008740842
 49.44 22.903109934927688
 49.46 18.501088805226267
 49.48 23.71611383734642
 49.5 46.65122392587485
 49.52 103.9584990007952
 49.54 129.08961963017424
 49.56 64.77131090229233
 49.58 27.39313148703114
 49.6 15.972076665967997
 49.62 16.241077957174195
 49.64 14.42406923553233
 49.66 2.21701064165108
 49.68 -6.101029284940568
 49.7 -11.173053630657428
 49.72 -15.02207210594611
 49.74 -18.333087998822393
 49.76 -21.35110248529193
 49.78 -24.162115978156695
 49.8 -26.792128602217293
 49.82 -29.236140333473603
 49.84 -31.451150965524636
 49.86 -33.34016003276816
 49.88 -34.70816659919968
 49.9 -35.14716870640979
 49.92 -33.638161463175024
 49.94 -26.83112878941819
 49.96 -4.326020764899671
 49.98 43.404208340200036
