res data
0.07882888732927841
0.07691422958219639
0.07737209222714601
0.07713471020912585
0.08460320832256774
0.0761883776757262
0.07682952114777597
0.07815037277506694
0.07794642382850799
0.07640599294022635
0.07628784828261959
0.07748512630799435
0.08025852251275639
0.07851878306418666
0.0777599134810267
0.08013033494744022
0.07994978426342976
0.03884474143017853
0.0793176566702241
0.08143661026671302
0.07964505494921179
0.07973552219716983
0.07801494515721584
0.016133205244525977
0.08708622912433196
0.08062553197200299
0.08071507852926492
0.0794398480204075
0.08238129822990412
0.07999112501128573
0.0801641079767761
0.08816267999578241
0.08105794356661414
0.07660935284367679
0.08617942568942553
0.08296425928591272
0.08560466466398904
0.09018029749181285
0.08101054164356505
0.08261791606288792
0.08196140148280248
0.10002390678255822
0.08180967642298323
0.09510287986370583
0.15877276582233604
0.02833377442492435
0.08474380288259128
0.08697337296890298
0.08417510440539587
0.11199965508645002
0.08485051658914788
0.1210391909195642
0.06438358671046582
0.08531585866317452
0.0831275459626932
0.08170984658292352
0.08577994762329996
0.08332803753467985
0.11805290618978058
0.08198167528582499
0.08448192565631245
0.08359830364521224
0.06967830859518725
0.0893744022074649
0.07446906495927089
0.08616531667524578
0.020782516713092253
0.08661401684355606
peak data
 10.225123 6739.164484
 13.740689 4856.235119
 16.364501 1506.347089
 17.942218 4185.459065
 20.034409 10332.728765
 20.548882 5818.912665
 21.457784 30396.407533
 22.075151 26271.003499
 23.138396 5253.947499
 23.82436 10148.168843
 24.253087 3647.174937
 25.642164 18849.135048
 26.173786 13070.76489
 26.499619 3729.662131
 26.911198 3066.025073
 27.682907 6602.435877
 28.849046 4451.319459
 29.877992 1608.565193
 30.032334 9497.596212
 31.044131 22249.739818
 31.472858 4975.07349
 32.759041 2962.588595
 33.084874 5500.179209
 33.685092 4852.73336
 33.770838 9486.364051
 34.816933 6004.898876
 35.177064 1540.854806
 35.691537 11574.552017
 36.343203 3881.185731
 36.669036 2767.493526
 37.183509 1512.980985
 37.526491 2411.668455
 38.040964 5685.28307
 38.229604 3549.007291
 38.67548 3871.350247
 39.241401 2090.489795
Org data
 5.011797 1500.0
 5.028946 1500.0
 5.046095 1500.0
 5.063244 1500.0
 5.080393 1500.0
 5.097542 1500.0
 5.114692 1500.0
 5.131841 1500.0
 5.14899 1500.0
 5.166139 1500.0
 5.183288 1500.0
 5.200437 1500.0
 5.217586 1500.0
 5.234735 1500.0
 5.251884 1500.0
 5.269033 1500.0
 5.286182 1500.0
 5.303332 1500.0
 5.320481 1500.0
 5.33763 1500.0
 5.354779 1500.0
 5.371928 1500.0
 5.389077 1500.0
 5.406226 1500.0
 5.423375 1500.0
 5.440524 1500.0
 5.457674 1500.0
 5.474823 1500.0
 5.491972 1500.0
 5.509121 1500.0
 5.52627 1500.0
 5.543419 1500.0
 5.560568 1500.0
 5.577717 1500.0
 5.594866 1500.0
 5.612015 1500.0
 5.629164 1500.0
 5.646314 1500.0
 5.663463 1500.0
 5.680612 1500.0
 5.697761 1500.0
 5.71491 1500.0
 5.732059 1500.0
 5.749208 1500.0
 5.766357 1500.0
 5.783506 1500.0
 5.800656 1500.0
 5.817805 1500.0
 5.834954 1500.0
 5.852103 1500.0
 5.869252 1500.0
 5.886401 1500.0
 5.90355 1500.0
 5.920699 1500.0
 5.937848 1500.0
 5.954997 1500.0
 5.972147 1500.0
 5.989296 1500.0
 6.006445 1500.0
 6.023594 1500.0
 6.040743 1500.0
 6.057892 1500.0
 6.075041 1500.0
 6.09219 1500.0
 6.109339 1500.0
 6.126488 1500.0
 6.143638 1500.0
 6.160787 1500.0
 6.177936 1500.0
 6.195085 1500.0
 6.212234 1500.0
 6.229383 1500.0
 6.246532 1500.0
 6.263681 1500.0
 6.28083 1500.0
 6.297979 1500.0
 6.315129 1500.0
 6.332278 1500.0
 6.349427 1500.0
 6.366576 1500.0
 6.383725 1500.0
 6.400874 1500.0
 6.418023 1500.0
 6.435172 1500.0
 6.452321 1500.0
 6.46947 1500.0
 6.486619 1500.0
 6.503769 1500.0
 6.520918 1500.0
 6.538067 1500.0
 6.555216 1500.0
 6.572365 1500.0
 6.589514 1500.0
 6.606663 1500.0
 6.623812 1500.0
 6.640961 1500.0
 6.658111 1500.0
 6.67526 1500.0
 6.692409 1500.0
 6.709558 1500.0
 6.726707 1500.0
 6.743856 1500.0
 6.761005 1500.0
 6.778154 1500.0
 6.795303 1500.0
 6.812452 1500.0
 6.829601 1500.0
 6.846751 1500.0
 6.8639 1500.0
 6.881049 1500.0
 6.898198 1500.0
 6.915347 1500.0
 6.932496 1500.0
 6.949645 1500.0
 6.966794 1500.0
 6.983943 1500.0
 7.001093 1500.0
 7.018242 1500.0
 7.035391 1500.0
 7.05254 1500.0
 7.069689 1500.0
 7.086838 1500.0
 7.103987 1500.0
 7.121136 1500.0
 7.138285 1500.0
 7.155434 1500.0
 7.172584 1500.0
 7.189733 1500.0
 7.206882 1500.0
 7.224031 1500.0
 7.24118 1500.0
 7.258329 1500.0
 7.275478 1500.0
 7.292627 1500.0
 7.309776 1500.0
 7.326925 1500.0
 7.344074 1500.0
 7.361224 1500.0
 7.378373 1500.0
 7.395522 1500.0
 7.412671 1500.0
 7.42982 1500.0
 7.446969 1500.0
 7.464118 1500.0
 7.481267 1500.0
 7.498416 1500.0
 7.515566 1500.0
 7.532715 1500.0
 7.549864 1500.0
 7.567013 1500.0
 7.584162 1500.0
 7.601311 1500.0
 7.61846 1500.0
 7.635609 1500.0
 7.652758 1500.0
 7.669907 1500.0
 7.687057 1500.0
 7.704206 1500.0
 7.721355 1500.0
 7.738504 1500.0
 7.755653 1500.0
 7.772802 1500.0
 7.789951 1500.0
 7.8071 1500.0
 7.824249 1500.0
 7.841398 1500.0
 7.858548 1500.0
 7.875697 1500.0
 7.892846 1500.0
 7.909995 1500.0
 7.927144 1500.0
 7.944293 1500.0
 7.961442 1500.0
 7.978591 1500.0
 7.99574 1500.0
 8.012889 1500.0
 8.030038 1500.0
 8.047188 1500.0
 8.064337 1500.0
 8.081486 1500.0
 8.098635 1500.0
 8.115784 1500.0
 8.132933 1500.0
 8.150082 1500.0
 8.167231 1500.0
 8.18438 1500.0
 8.201529 1500.0
 8.218679 1500.0
 8.235828 1500.0
 8.252977 1500.0
 8.270126 1500.0
 8.287275 1500.0
 8.304424 1500.0
 8.321573 1500.0
 8.338722 1500.0
 8.355871 1500.0
 8.37302 1500.0
 8.39017 1500.0
 8.407319 1500.0
 8.424468 1500.0
 8.441617 1500.0
 8.458766 1500.0
 8.475915 1500.0
 8.493064 1500.0
 8.510213 1500.0
 8.527362 1500.0
 8.544512 1500.0
 8.561661 1500.0
 8.57881 1500.0
 8.595959 1500.0
 8.613108 1500.0
 8.630257 1500.0
 8.647406 1500.0
 8.664555 1500.0
 8.681704 1500.0
 8.698853 1500.0
 8.716003 1500.0
 8.733152 1500.0
 8.750301 1500.0
 8.76745 1500.0
 8.784599 1500.0
 8.801748 1500.0
 8.818897 1500.0
 8.836046 1500.0
 8.853195 1500.0
 8.870344 1500.0
 8.887493 1500.0
 8.904643 1500.0
 8.921792 1500.0
 8.938941 1500.0
 8.95609 1500.0
 8.973239 1500.0
 8.990388 1500.0
 9.007537 1500.0
 9.024686 1500.0
 9.041835 1500.0
 9.058985 1500.0
 9.076134 1500.0
 9.093283 1500.0
 9.110432 1500.0
 9.127581 1500.0
 9.14473 1500.0
 9.161879 1500.0
 9.179028 1500.0
 9.196177 1500.0
 9.213326 1500.0
 9.230476 1500.0
 9.247625 1500.0
 9.264774 1500.0
 9.281923 1500.0
 9.299072 1500.0
 9.316221 1500.0
 9.33337 1500.0
 9.350519 1500.0
 9.367668 1500.0
 9.384817 1500.0
 9.401967 1500.0
 9.419116 1500.0
 9.436265 1500.0
 9.453414 1500.0
 9.470563 1500.0
 9.487712 1500.0
 9.504861 1500.0
 9.52201 1500.0
 9.539159 1500.0
 9.556308 1500.0
 9.573458 1500.0
 9.590607 1500.0
 9.607756 1500.0
 9.624905 1500.0
 9.642054 1500.0
 9.659203 1500.0
 9.676352 1500.0
 9.693501 1500.0
 9.71065 1500.0
 9.727799 1500.0
 9.744948 1500.0
 9.762098 1500.0
 9.779247 1500.0
 9.796396 1500.0
 9.813545 1500.0
 9.830694 1500.0
 9.847843 1500.0
 9.864992 1500.0
 9.882141 1500.0
 9.89929 1500.0
 9.916439 1500.0
 9.933589 1500.0
 9.950738 1500.0
 9.967887 1500.0
 9.985036 1500.0
 10.002185 1500.0
 10.019334 1500.0
 10.036483 1500.0
 10.053632 1500.0
 10.070781 1500.0
 10.087931 1500.0
 10.10508 1502.099166
 10.122229 1515.065761
 10.139378 1581.063261
 10.156527 1827.691713
 10.173676 2497.474412
 10.190825 3791.494048
 10.207974 5481.146771
 10.225123 6739.164484
 10.242272 6727.283204
 10.259422 5454.478729
 10.276571 3766.615499
 10.29372 2482.890902
 10.310869 1821.820065
 10.328018 1579.382882
 10.345167 1514.718161
 10.362316 1502.046704
 10.379465 1500.0
 10.396614 1500.0
 10.413763 1500.0
 10.430913 1500.0
 10.448062 1500.0
 10.465211 1500.0
 10.48236 1500.0
 10.499509 1500.0
 10.516658 1500.0
 10.533807 1500.0
 10.550956 1500.0
 10.568105 1500.0
 10.585254 1500.0
 10.602404 1500.0
 10.619553 1500.0
 10.636702 1500.0
 10.653851 1500.0
 10.671 1500.0
 10.688149 1500.0
 10.705298 1500.0
 10.722447 1500.0
 10.739596 1500.0
 10.756745 1500.0
 10.773895 1500.0
 10.791044 1500.0
 10.808193 1500.0
 10.825342 1500.0
 10.842491 1500.0
 10.85964 1500.0
 10.876789 1500.0
 10.893938 1500.0
 10.911087 1500.0
 10.928236 1500.0
 10.945386 1500.0
 10.962535 1500.0
 10.979684 1500.0
 10.996833 1500.0
 11.013982 1500.0
 11.031131 1500.0
 11.04828 1500.0
 11.065429 1500.0
 11.082578 1500.0
 11.099727 1500.0
 11.116877 1500.0
 11.134026 1500.0
 11.151175 1500.0
 11.168324 1500.0
 11.185473 1500.0
 11.202622 1500.0
 11.219771 1500.0
 11.23692 1500.0
 11.254069 1500.0
 11.271218 1500.0
 11.288368 1500.0
 11.305517 1500.0
 11.322666 1500.0
 11.339815 1500.0
 11.356964 1500.0
 11.374113 1500.0
 11.391262 1500.0
 11.408411 1500.0
 11.42556 1500.0
 11.442709 1500.0
 11.459858 1500.0
 11.477008 1500.0
 11.494157 1500.0
 11.511306 1500.0
 11.528455 1500.0
 11.545604 1500.0
 11.562753 1500.0
 11.579902 1500.0
 11.597051 1500.0
 11.6142 1500.0
 11.63135 1500.0
 11.648499 1500.0
 11.665648 1500.0
 11.682797 1500.0
 11.699946 1500.0
 11.717095 1500.0
 11.734244 1500.0
 11.751393 1500.0
 11.768542 1500.0
 11.785691 1500.0
 11.802841 1500.0
 11.81999 1500.0
 11.837139 1500.0
 11.854288 1500.0
 11.871437 1500.0
 11.888586 1500.0
 11.905735 1500.0
 11.922884 1500.0
 11.940033 1500.0
 11.957182 1500.0
 11.974332 1500.0
 11.991481 1500.0
 12.00863 1500.0
 12.025779 1500.0
 12.042928 1500.0
 12.060077 1500.0
 12.077226 1500.0
 12.094375 1500.0
 12.111524 1500.0
 12.128673 1500.0
 12.145823 1500.0
 12.162972 1500.0
 12.180121 1500.0
 12.19727 1500.0
 12.214419 1500.0
 12.231568 1500.0
 12.248717 1500.0
 12.265866 1500.0
 12.283015 1500.0
 12.300164 1500.0
 12.317314 1500.0
 12.334463 1500.0
 12.351612 1500.0
 12.368761 1500.0
 12.38591 1500.0
 12.403059 1500.0
 12.420208 1500.0
 12.437357 1500.0
 12.454506 1500.0
 12.471655 1500.0
 12.488805 1500.0
 12.505954 1500.0
 12.523103 1500.0
 12.540252 1500.0
 12.557401 1500.0
 12.57455 1500.0
 12.591699 1500.0
 12.608848 1500.0
 12.625997 1500.0
 12.643146 1500.0
 12.660296 1500.0
 12.677445 1500.0
 12.694594 1500.0
 12.711743 1500.0
 12.728892 1500.0
 12.746041 1500.0
 12.76319 1500.0
 12.780339 1500.0
 12.797488 1500.0
 12.814637 1500.0
 12.831787 1500.0
 12.848936 1500.0
 12.866085 1500.0
 12.883234 1500.0
 12.900383 1500.0
 12.917532 1500.0
 12.934681 1500.0
 12.95183 1500.0
 12.968979 1500.0
 12.986128 1500.0
 13.003277 1500.0
 13.020427 1500.0
 13.037576 1500.0
 13.054725 1500.0
 13.071874 1500.0
 13.089023 1500.0
 13.106172 1500.0
 13.123321 1500.0
 13.14047 1500.0
 13.157619 1500.0
 13.174768 1500.0
 13.191918 1500.0
 13.209067 1500.0
 13.226216 1500.0
 13.243365 1500.0
 13.260514 1500.0
 13.277663 1500.0
 13.294812 1500.0
 13.311961 1500.0
 13.32911 1500.0
 13.346259 1500.0
 13.363409 1500.0
 13.380558 1500.0
 13.397707 1500.0
 13.414856 1500.0
 13.432005 1500.0
 13.449154 1500.0
 13.466303 1500.0
 13.483452 1500.0
 13.500601 1500.0
 13.517751 1500.0
 13.5349 1500.0
 13.552049 1500.0
 13.569198 1500.0
 13.586347 1500.0
 13.603496 1500.767071
 13.620645 1505.76011
 13.637794 1532.768818
 13.654943 1641.424388
 13.672092 1963.372981
 13.689242 2652.534856
 13.706391 3674.390227
 13.72354 4607.033796
 13.740689 4856.235119
 13.757838 4234.851405
 13.774987 3177.480837
 13.792136 2272.941149
 13.809285 1767.065074
 13.826434 1569.087287
 13.843583 1513.363844
 13.860733 1501.930917
 13.877882 1500.0
 13.895031 1500.0
 13.91218 1500.0
 13.929329 1500.0
 13.946478 1500.0
 13.963627 1500.0
 13.980776 1500.0
 13.997925 1500.0
 14.015074 1500.0
 14.032224 1500.0
 14.049373 1500.0
 14.066522 1500.0
 14.083671 1500.0
 14.10082 1500.0
 14.117969 1500.0
 14.135118 1500.0
 14.152267 1500.0
 14.169416 1500.0
 14.186565 1500.0
 14.203715 1500.0
 14.220864 1500.0
 14.238013 1500.0
 14.255162 1500.0
 14.272311 1500.0
 14.28946 1500.0
 14.306609 1500.0
 14.323758 1500.0
 14.340907 1500.0
 14.358056 1500.0
 14.375206 1500.0
 14.392355 1500.0
 14.409504 1500.0
 14.426653 1500.0
 14.443802 1500.0
 14.460951 1500.0
 14.4781 1500.0
 14.495249 1500.0
 14.512398 1500.0
 14.529547 1500.0
 14.546696 1500.0
 14.563846 1500.0
 14.580995 1500.0
 14.598144 1500.0
 14.615293 1500.0
 14.632442 1500.0
 14.649591 1500.0
 14.66674 1500.0
 14.683889 1500.0
 14.701038 1500.0
 14.718187 1500.0
 14.735337 1500.0
 14.752486 1500.0
 14.769635 1500.0
 14.786784 1500.0
 14.803933 1500.0
 14.821082 1500.0
 14.838231 1500.0
 14.85538 1500.0
 14.872529 1500.0
 14.889678 1500.0
 14.906828 1500.0
 14.923977 1500.0
 14.941126 1500.0
 14.958275 1500.0
 14.975424 1500.0
 14.992573 1500.0
 15.009722 1500.0
 15.026871 1500.0
 15.04402 1500.0
 15.06117 1500.0
 15.078319 1500.0
 15.095468 1500.0
 15.112617 1500.0
 15.129766 1500.0
 15.146915 1500.0
 15.164064 1500.0
 15.181213 1500.0
 15.198362 1500.0
 15.215511 1500.0
 15.232661 1500.0
 15.24981 1500.0
 15.266959 1500.0
 15.284108 1500.0
 15.301257 1500.0
 15.318406 1500.0
 15.335555 1500.0
 15.352704 1500.0
 15.369853 1500.0
 15.387002 1500.0
 15.404152 1500.0
 15.421301 1500.0
 15.43845 1500.0
 15.455599 1500.0
 15.472748 1500.0
 15.489897 1500.0
 15.507046 1500.0
 15.524195 1500.0
 15.541344 1500.0
 15.558493 1500.0
 15.575643 1500.0
 15.592792 1500.0
 15.609941 1500.0
 15.62709 1500.0
 15.644239 1500.0
 15.661388 1500.0
 15.678537 1500.0
 15.695686 1500.0
 15.712835 1500.0
 15.729984 1500.0
 15.747134 1500.0
 15.764283 1500.0
 15.781432 1500.0
 15.798581 1500.0
 15.81573 1500.0
 15.832879 1500.0
 15.850028 1500.0
 15.867177 1500.0
 15.884326 1500.0
 15.901475 1500.0
 15.918625 1500.0
 15.935774 1500.0
 15.952923 1500.0
 15.970072 1500.0
 15.987221 1500.0
 16.00437 1500.0
 16.021519 1500.0
 16.038668 1500.0
 16.055817 1500.0
 16.072966 1500.0
 16.090116 1500.0
 16.107265 1500.0
 16.124414 1500.0
 16.141563 1500.0
 16.158712 1500.0
 16.175861 1500.0
 16.19301 1500.0
 16.210159 1500.0
 16.227308 1500.0
 16.244457 1500.003736
 16.261606 1500.02557
 16.278756 1500.131057
 16.295905 1500.503546
 16.313054 1501.452356
 16.330203 1503.149773
 16.347352 1505.146121
 16.364501 1506.347089
 16.38165 1505.922294
 16.398799 1504.188955
 16.415948 1502.249901
 16.433097 1500.9187
 16.450247 1500.285328
 16.467396 1500.067383
 16.484545 1500.012088
 16.501694 1500.001645
 16.518843 1500.0
 16.535992 1500.0
 16.553141 1500.0
 16.57029 1500.0
 16.587439 1500.0
 16.604589 1500.0
 16.621738 1500.0
 16.638887 1500.0
 16.656036 1500.0
 16.673185 1500.0
 16.690334 1500.0
 16.707483 1500.0
 16.724632 1500.0
 16.741781 1500.0
 16.75893 1500.0
 16.77608 1500.0
 16.793229 1500.0
 16.810378 1500.0
 16.827527 1500.0
 16.844676 1500.0
 16.861825 1500.0
 16.878974 1500.0
 16.896123 1500.0
 16.913272 1500.0
 16.930421 1500.0
 16.947571 1500.0
 16.96472 1500.0
 16.981869 1500.0
 16.999018 1500.0
 17.016167 1500.0
 17.033316 1500.0
 17.050465 1500.0
 17.067614 1500.0
 17.084763 1500.0
 17.101912 1500.0
 17.119062 1500.0
 17.136211 1500.0
 17.15336 1500.0
 17.170509 1500.0
 17.187658 1500.0
 17.204807 1500.0
 17.221956 1500.0
 17.239105 1500.0
 17.256254 1500.0
 17.273403 1500.0
 17.290553 1500.0
 17.307702 1500.0
 17.324851 1500.0
 17.342 1500.0
 17.359149 1500.0
 17.376298 1500.0
 17.393447 1500.0
 17.410596 1500.0
 17.427745 1500.0
 17.444894 1500.0
 17.462044 1500.0
 17.479193 1500.0
 17.496342 1500.0
 17.513491 1500.0
 17.53064 1500.0
 17.547789 1500.0
 17.564938 1500.0
 17.582087 1500.0
 17.599236 1500.0
 17.616385 1500.0
 17.633535 1500.0
 17.650684 1500.0
 17.667833 1500.0
 17.684982 1500.0
 17.702131 1500.0
 17.71928 1500.0
 17.736429 1500.0
 17.753578 1500.0
 17.770727 1500.0
 17.787876 1500.0
 17.805025 1500.0
 17.822175 1501.724769
 17.839324 1511.663836
 17.856473 1559.081949
 17.873622 1724.366574
 17.890771 2139.485968
 17.90792 2869.796023
 17.925069 3708.625913
 17.942218 4185.459065
 17.959367 3967.224283
 17.976516 3216.26617
 17.993666 2405.73014
 18.010815 1863.227137
 18.027964 1610.824911
 18.045113 1525.739931
 18.062262 1504.549905
 18.079411 1500.61155
 18.09656 1500.0
 18.113709 1500.0
 18.130858 1500.0
 18.148008 1500.0
 18.165157 1500.0
 18.182306 1500.0
 18.199455 1500.0
 18.216604 1500.0
 18.233753 1500.0
 18.250902 1500.0
 18.268051 1500.0
 18.2852 1500.0
 18.302349 1500.0
 18.319499 1500.0
 18.336648 1500.0
 18.353797 1500.0
 18.370946 1500.0
 18.388095 1500.0
 18.405244 1500.0
 18.422393 1500.0
 18.439542 1500.0
 18.456691 1500.0
 18.47384 1500.0
 18.49099 1500.0
 18.508139 1500.0
 18.525288 1500.0
 18.542437 1500.0
 18.559586 1500.0
 18.576735 1500.0
 18.593884 1500.0
 18.611033 1500.0
 18.628182 1500.0
 18.645331 1500.0
 18.662481 1500.0
 18.67963 1500.0
 18.696779 1500.0
 18.713928 1500.0
 18.731077 1500.0
 18.748226 1500.0
 18.765375 1500.0
 18.782524 1500.0
 18.799673 1500.0
 18.816822 1500.0
 18.833972 1500.0
 18.851121 1500.0
 18.86827 1500.0
 18.885419 1500.0
 18.902568 1500.0
 18.919717 1500.0
 18.936866 1500.0
 18.954015 1500.0
 18.971164 1500.0
 18.988313 1500.0
 19.005463 1500.0
 19.022612 1500.0
 19.039761 1500.0
 19.05691 1500.0
 19.074059 1500.0
 19.091208 1500.0
 19.108357 1500.0
 19.125506 1500.0
 19.142655 1500.0
 19.159804 1500.0
 19.176954 1500.0
 19.194103 1500.0
 19.211252 1500.0
 19.228401 1500.0
 19.24555 1500.0
 19.262699 1500.0
 19.279848 1500.0
 19.296997 1500.0
 19.314146 1500.0
 19.331295 1500.0
 19.348444 1500.0
 19.365594 1500.0
 19.382743 1500.0
 19.399892 1500.0
 19.417041 1500.0
 19.43419 1500.0
 19.451339 1500.0
 19.468488 1500.0
 19.485637 1500.0
 19.502786 1500.0
 19.519935 1500.0
 19.537085 1500.0
 19.554234 1500.0
 19.571383 1500.0
 19.588532 1500.0
 19.605681 1500.0
 19.62283 1500.0
 19.639979 1500.0
 19.657128 1500.0
 19.674277 1500.0
 19.691427 1500.0
 19.708576 1500.0
 19.725725 1500.0
 19.742874 1500.0
 19.760023 1500.0
 19.777172 1500.0
 19.794321 1500.0
 19.81147 1500.0
 19.828619 1500.0
 19.845768 1500.0
 19.862918 1500.0
 19.880067 1500.0
 19.897216 1504.406031
 19.914365 1530.481684
 19.931514 1654.088946
 19.948663 2088.288595
 19.965812 3203.656208
 19.982961 5265.713157
 20.00011 7907.149568
 20.017259 9980.601783
 20.034409 10332.728765
 20.051558 8808.993287
 20.068707 6327.62398
 20.085856 4039.595841
 20.103005 2555.379195
 20.120154 1842.628153
 20.137303 1585.936627
 20.154452 1516.497821
 20.171601 1502.328872
 20.18875 1500.0
 20.2059 1500.0
 20.223049 1500.0
 20.240198 1500.0
 20.257347 1500.0
 20.274496 1500.0
 20.291645 1500.0
 20.308794 1500.0
 20.325943 1500.0
 20.343092 1500.0
 20.360241 1500.0
 20.377391 1500.0
 20.39454 1500.0
 20.411689 1500.0
 20.428838 1503.344591
 20.445987 1522.136076
 20.463136 1609.696509
 20.480285 1907.118475
 20.497434 2631.916628
 20.514583 3858.518306
 20.531732 5184.723216
 20.548882 5818.912665
 20.566031 5300.795455
 20.58318 4013.648227
 20.600329 2750.673902
 20.617478 1968.765695
 20.634627 1632.55005
 20.651776 1528.321566
 20.668925 1504.580342
 20.686074 1500.561608
 20.703223 1500.0
 20.720373 1500.0
 20.737522 1500.0
 20.754671 1500.0
 20.77182 1500.0
 20.788969 1500.0
 20.806118 1500.0
 20.823267 1500.0
 20.840416 1500.0
 20.857565 1500.0
 20.874714 1500.0
 20.891863 1500.0
 20.909013 1500.0
 20.926162 1500.0
 20.943311 1500.0
 20.96046 1500.0
 20.977609 1500.0
 20.994758 1500.0
 21.011907 1500.0
 21.029056 1500.0
 21.046205 1500.0
 21.063354 1500.0
 21.080504 1500.0
 21.097653 1500.0
 21.114802 1500.0
 21.131951 1500.0
 21.1491 1500.0
 21.166249 1500.0
 21.183398 1500.0
 21.200547 1500.0
 21.217696 1500.0
 21.234845 1500.0
 21.251995 1500.0
 21.269144 1500.0
 21.286293 1500.0
 21.303442 1500.0
 21.320591 1505.048633
 21.33774 1538.887819
 21.354889 1728.256727
 21.372038 2520.084139
 21.389187 4966.468528
 21.406336 10443.014543
 21.423486 18985.24228
 21.440635 27363.978591
 21.457784 30396.407533
 21.474933 25848.820875
 21.492082 16954.075041
 21.509231 8880.255649
 21.52638 4149.580321
 21.543529 2214.573486
 21.560678 1644.687194
 21.577827 1521.985076
 21.594977 1500.0
 21.612126 1500.0
 21.629275 1500.0
 21.646424 1500.0
 21.663573 1500.0
 21.680722 1500.0
 21.697871 1500.0
 21.71502 1500.0
 21.732169 1500.0
 21.749319 1500.0
 21.766468 1500.0
 21.783617 1500.0
 21.800766 1500.0
 21.817915 1500.0
 21.835064 1500.0
 21.852213 1500.0
 21.869362 1500.0
 21.886511 1500.0
 21.90366 1500.0
 21.92081 1500.0
 21.937959 1507.72802
 21.955108 1554.585378
 21.972257 1793.691366
 21.989406 2705.788747
 22.006555 5282.177194
 22.023704 10568.2004
 22.040853 18114.475767
 22.058002 24737.774164
 22.075151 26271.003499
 22.092301 21584.777819
 22.10945 13860.268073
 22.126599 7261.035749
 22.143748 3529.683223
 22.160897 2039.579924
 22.178046 1608.079144
 22.195195 1516.291364
 22.212344 1500.0
 22.229493 1500.0
 22.246642 1500.0
 22.263792 1500.0
 22.280941 1500.0
 22.29809 1500.0
 22.315239 1500.0
 22.332388 1500.0
 22.349537 1500.0
 22.366686 1500.0
 22.383835 1500.0
 22.400984 1500.0
 22.418133 1500.0
 22.435283 1500.0
 22.452432 1500.0
 22.469581 1500.0
 22.48673 1500.0
 22.503879 1500.0
 22.521028 1500.0
 22.538177 1500.0
 22.555326 1500.0
 22.572475 1500.0
 22.589624 1500.0
 22.606773 1500.0
 22.623923 1500.0
 22.641072 1500.0
 22.658221 1500.0
 22.67537 1500.0
 22.692519 1500.0
 22.709668 1500.0
 22.726817 1500.0
 22.743966 1500.0
 22.761115 1500.0
 22.778264 1500.0
 22.795414 1500.0
 22.812563 1500.0
 22.829712 1500.0
 22.846861 1500.0
 22.86401 1500.0
 22.881159 1500.0
 22.898308 1500.0
 22.915457 1500.0
 22.932606 1500.0
 22.949755 1500.0
 22.966905 1500.0
 22.984054 1500.0
 23.001203 1500.0
 23.018352 1502.697643
 23.035501 1517.655303
 23.05265 1587.027755
 23.069799 1823.399277
 23.086948 2407.02071
 23.104097 3422.602712
 23.121246 4584.979834
 23.138396 5253.947499
 23.155545 4970.854415
 23.172694 3943.106052
 23.189843 2811.559141
 23.206992 2037.787048
 23.224141 1668.587105
 23.24129 1540.417137
 23.258439 1507.407487
 23.275588 1501.036816
 23.292738 1500.0
 23.309887 1500.0
 23.327036 1500.0
 23.344185 1500.0
 23.361334 1500.0
 23.378483 1500.0
 23.395632 1500.0
 23.412781 1500.0
 23.42993 1500.0
 23.447079 1500.0
 23.464229 1500.0
 23.481378 1500.0
 23.498527 1500.0
 23.515676 1500.0
 23.532825 1500.0
 23.549974 1500.0
 23.567123 1500.0
 23.584272 1500.0
 23.601421 1500.0
 23.61857 1500.0
 23.63572 1500.0
 23.652869 1500.0
 23.670018 1500.0
 23.687167 1500.987039
 23.704316 1508.403111
 23.721465 1553.49221
 23.738614 1755.211123
 23.755763 2413.926
 23.772912 3958.819964
 23.790061 6472.656701
 23.807211 9061.920387
 23.82436 10148.168843
 23.841509 8938.529796
 23.858658 6311.896279
 23.875807 3840.946596
 23.892956 2356.416281
 23.910105 1735.594766
 23.927254 1548.730735
 23.944403 1507.578236
 23.961552 1500.0
 23.978702 1500.0
 23.995851 1500.0
 24.013 1500.0
 24.030149 1500.0
 24.047298 1500.0
 24.064447 1500.0
 24.081596 1500.0
 24.098745 1500.0
 24.115894 1500.0
 24.133043 1501.964359
 24.150192 1512.604363
 24.167342 1560.951724
 24.184491 1720.687802
 24.20164 2099.128728
 24.218789 2720.731524
 24.235938 3367.864192
 24.253087 3647.174937
 24.270236 3354.789826
 24.287385 2704.183212
 24.304534 2087.622443
 24.321683 1715.541643
 24.338833 1559.429011
 24.355982 1512.316881
 24.373131 1501.91882
 24.39028 1500.0
 24.407429 1500.0
 24.424578 1500.0
 24.441727 1500.0
 24.458876 1500.0
 24.476025 1500.0
 24.493174 1500.0
 24.510324 1500.0
 24.527473 1500.0
 24.544622 1500.0
 24.561771 1500.0
 24.57892 1500.0
 24.596069 1500.0
 24.613218 1500.0
 24.630367 1500.0
 24.647516 1500.0
 24.664665 1500.0
 24.681815 1500.0
 24.698964 1500.0
 24.716113 1500.0
 24.733262 1500.0
 24.750411 1500.0
 24.76756 1500.0
 24.784709 1500.0
 24.801858 1500.0
 24.819007 1500.0
 24.836157 1500.0
 24.853306 1500.0
 24.870455 1500.0
 24.887604 1500.0
 24.904753 1500.0
 24.921902 1500.0
 24.939051 1500.0
 24.9562 1500.0
 24.973349 1500.0
 24.990498 1500.0
 25.007648 1500.0
 25.024797 1500.0
 25.041946 1500.0
 25.059095 1500.0
 25.076244 1500.0
 25.093393 1500.0
 25.110542 1500.0
 25.127691 1500.0
 25.14484 1500.0
 25.161989 1500.0
 25.179139 1500.0
 25.196288 1500.0
 25.213437 1500.0
 25.230586 1500.0
 25.247735 1500.0
 25.264884 1500.0
 25.282033 1500.0
 25.299182 1500.0
 25.316331 1500.0
 25.33348 1500.0
 25.35063 1500.0
 25.367779 1500.0
 25.384928 1500.0
 25.402077 1500.0
 25.419226 1500.0
 25.436375 1500.0
 25.453524 1500.0
 25.470673 1500.0
 25.487822 1500.0
 25.504971 1500.0
 25.522121 1514.827518
 25.53927 1594.608048
 25.556419 1955.184545
 25.573568 3152.123145
 25.590717 6026.249285
 25.607866 10866.575386
 25.625015 16153.57584
 25.642164 18849.135048
 25.659313 17063.797216
 25.676462 12094.185003
 25.693611 6980.379258
 25.710761 3658.050674
 25.72791 2147.942195
 25.745059 1648.55718
 25.762208 1526.041935
 25.779357 1503.493286
 25.796506 1500.0
 25.813655 1500.0
 25.830804 1500.0
 25.847953 1500.0
 25.865102 1500.0
 25.882252 1500.0
 25.899401 1500.0
 25.91655 1500.0
 25.933699 1500.0
 25.950848 1500.0
 25.967997 1500.0
 25.985146 1500.0
 26.002295 1500.0
 26.019444 1500.0
 26.036593 1506.180578
 26.053743 1540.684034
 26.070892 1703.869551
 26.088041 2279.166083
 26.10519 3775.51274
 26.122339 6587.009835
 26.139488 10217.774321
 26.156637 12963.645264
 26.173786 13070.76489
 26.190935 10461.586281
 26.208084 6820.899059
 26.225234 3918.481603
 26.242383 2340.038498
 26.259532 1722.552834
 26.276681 1544.887768
 26.29383 1506.880505
 26.310979 1500.0
 26.328128 1500.0
 26.345277 1500.0
 26.362426 1500.0
 26.379576 1501.762071
 26.396725 1511.239115
 26.413874 1554.213125
 26.431023 1697.945248
 26.448172 2047.705062
 26.465321 2649.996435
 26.48247 3335.161048
 26.499619 3729.662131
 26.516768 3566.330004
 26.533917 2963.406248
 26.551067 2293.37306
 26.568216 1829.714291
 26.585365 1605.13128
 26.602514 1525.726478
 26.619663 1504.829705
 26.636812 1500.694912
 26.653961 1500.0
 26.67111 1500.0
 26.688259 1500.0
 26.705408 1500.0
 26.722558 1500.0
 26.739707 1500.0
 26.756856 1500.0
 26.774005 1500.0
 26.791154 1501.374744
 26.808303 1508.703544
 26.825452 1541.599843
 26.842601 1650.185097
 26.85975 1909.80559
 26.876899 2345.844663
 26.894049 2821.879327
 26.911198 3066.025073
 26.928347 2908.392274
 26.945496 2463.096554
 26.962645 2001.665273
 26.979794 1699.42133
 26.996943 1560.609733
 27.014092 1514.107187
 27.031241 1502.517777
 27.04839 1500.344821
 27.06554 1500.0
 27.082689 1500.0
 27.099838 1500.0
 27.116987 1500.0
 27.134136 1500.0
 27.151285 1500.0
 27.168434 1500.0
 27.185583 1500.0
 27.202732 1500.0
 27.219881 1500.0
 27.23703 1500.0
 27.25418 1500.0
 27.271329 1500.0
 27.288478 1500.0
 27.305627 1500.0
 27.322776 1500.0
 27.339925 1500.0
 27.357074 1500.0
 27.374223 1500.0
 27.391372 1500.0
 27.408521 1500.0
 27.425671 1500.0
 27.44282 1500.0
 27.459969 1500.0
 27.477118 1500.0
 27.494267 1500.0
 27.511416 1500.0
 27.528565 1500.0
 27.545714 1502.613502
 27.562863 1517.131122
 27.580012 1585.729999
 27.597162 1828.172064
 27.614311 2462.703917
 27.63146 3667.669878
 27.648609 5250.569841
 27.665758 6489.336163
 27.682907 6602.435877
 27.700056 5508.363616
 27.717205 3915.684782
 27.734354 2614.963816
 27.751503 1893.37525
 27.768653 1605.887426
 27.785802 1521.706029
 27.802951 1503.382983
 27.8201 1500.0
 27.837249 1500.0
 27.854398 1500.0
 27.871547 1500.0
 27.888696 1500.0
 27.905845 1500.0
 27.922995 1500.0
 27.940144 1500.0
 27.957293 1500.0
 27.974442 1500.0
 27.991591 1500.0
 28.00874 1500.0
 28.025889 1500.0
 28.043038 1500.0
 28.060187 1500.0
 28.077336 1500.0
 28.094486 1500.0
 28.111635 1500.0
 28.128784 1500.0
 28.145933 1500.0
 28.163082 1500.0
 28.180231 1500.0
 28.19738 1500.0
 28.214529 1500.0
 28.231678 1500.0
 28.248827 1500.0
 28.265977 1500.0
 28.283126 1500.0
 28.300275 1500.0
 28.317424 1500.0
 28.334573 1500.0
 28.351722 1500.0
 28.368871 1500.0
 28.38602 1500.0
 28.403169 1500.0
 28.420318 1500.0
 28.437468 1500.0
 28.454617 1500.0
 28.471766 1500.0
 28.488915 1500.0
 28.506064 1500.0
 28.523213 1500.0
 28.540362 1500.0
 28.557511 1500.0
 28.57466 1500.0
 28.591809 1500.0
 28.608959 1500.0
 28.626108 1500.0
 28.643257 1500.0
 28.660406 1500.0
 28.677555 1500.0
 28.694704 1500.0
 28.711853 1501.426786
 28.729002 1509.341177
 28.746151 1546.825431
 28.7633 1680.051241
 28.78045 2031.923431
 28.797599 2708.860975
 28.814748 3614.840442
 28.831897 4348.238042
 28.849046 4451.319459
 28.866195 3850.15632
 28.883344 2935.940123
 28.900493 2171.968294
 28.917642 1740.389879
 28.934791 1565.62169
 28.95194 1513.646392
 28.96909 1502.158692
 28.986239 1500.0
 29.003388 1500.0
 29.020537 1500.0
 29.037686 1500.0
 29.054835 1500.0
 29.071984 1500.0
 29.089133 1500.0
 29.106282 1500.0
 29.123431 1500.0
 29.140581 1500.0
 29.15773 1500.0
 29.174879 1500.0
 29.192028 1500.0
 29.209177 1500.0
 29.226326 1500.0
 29.243475 1500.0
 29.260624 1500.0
 29.277773 1500.0
 29.294922 1500.0
 29.312072 1500.0
 29.329221 1500.0
 29.34637 1500.0
 29.363519 1500.0
 29.380668 1500.0
 29.397817 1500.0
 29.414966 1500.0
 29.432115 1500.0
 29.449264 1500.0
 29.466414 1500.0
 29.483563 1500.0
 29.500712 1500.0
 29.517861 1500.0
 29.53501 1500.0
 29.552159 1500.0
 29.569308 1500.0
 29.586457 1500.0
 29.603606 1500.0
 29.620755 1500.0
 29.637905 1500.0
 29.655054 1500.0
 29.672203 1500.0
 29.689352 1500.0
 29.706501 1500.0
 29.72365 1500.0
 29.740799 1500.0
 29.757948 1500.104265
 29.775097 1500.642341
 29.792246 1503.001809
 29.809396 1510.646959
 29.826545 1528.680302
 29.843694 1558.723737
 29.860843 1591.484181
 29.877992 1608.565193
 29.895141 1598.273439
 29.91229 1574.904287
 29.929439 1579.018617
 29.946588 1717.433525
 29.963737 2231.495753
 29.980887 3485.319774
 29.998036 5631.134595
 30.015185 8070.246222
 30.032334 9497.596212
 30.049483 8964.319001
 30.066632 6851.182684
 30.083781 4451.354999
 30.10093 2753.774617
 30.118079 1910.51134
 30.135228 1603.597431
 30.152378 1520.13859
 30.169527 1503.012078
 30.186676 1500.0
 30.203825 1500.0
 30.220974 1500.0
 30.238123 1500.0
 30.255272 1500.0
 30.272421 1500.0
 30.28957 1500.0
 30.306719 1500.0
 30.323869 1500.0
 30.341018 1500.0
 30.358167 1500.0
 30.375316 1500.0
 30.392465 1500.0
 30.409614 1500.0
 30.426763 1500.0
 30.443912 1500.0
 30.461061 1500.0
 30.47821 1500.0
 30.495359 1500.0
 30.512509 1500.0
 30.529658 1500.0
 30.546807 1500.0
 30.563956 1500.0
 30.581105 1500.0
 30.598254 1500.0
 30.615403 1500.0
 30.632552 1500.0
 30.649701 1500.0
 30.66685 1500.0
 30.684 1500.0
 30.701149 1500.0
 30.718298 1500.0
 30.735447 1500.0
 30.752596 1500.0
 30.769745 1500.0
 30.786894 1500.0
 30.804043 1500.0
 30.821192 1500.0
 30.838341 1500.0
 30.855491 1500.0
 30.87264 1500.0
 30.889789 1500.0
 30.906938 1510.317536
 30.924087 1566.541784
 30.941236 1829.775262
 30.958385 2758.011816
 30.975534 5199.240313
 30.992683 9893.24622
 31.009832 16201.308987
 31.026982 21377.744819
 31.044131 22249.739818
 31.06128 18270.508731
 31.078429 12181.593101
 31.095578 7305.904647
 31.112727 4910.444328
 31.129876 4207.02496
 31.147025 3908.79062
 31.164174 3363.188161
 31.181324 2637.788126
 31.198473 2038.370619
 31.215622 1695.24526
 31.232771 1554.174568
 31.24992 1511.482397
 31.267069 1501.85646
 31.284218 1500.0
 31.301367 1500.0
 31.318516 1500.0
 31.335665 1500.0
 31.352815 1503.147615
 31.369964 1519.286315
 31.387113 1589.968231
 31.404262 1819.855562
 31.421411 2367.739384
 31.43856 3299.026107
 31.455709 4355.153839
 31.472858 4975.07349
 31.490007 4749.874106
 31.507156 3839.539355
 31.524306 2798.500611
 31.541455 2056.294615
 31.558604 1684.065819
 31.575753 1547.034707
 31.592902 1509.275405
 31.610051 1501.409845
 31.6272 1500.0
 31.644349 1500.0
 31.661498 1500.0
 31.678647 1500.0
 31.695797 1500.0
 31.712946 1500.0
 31.730095 1500.0
 31.747244 1500.0
 31.764393 1500.0
 31.781542 1500.0
 31.798691 1500.0
 31.81584 1500.0
 31.832989 1500.0
 31.850138 1500.0
 31.867288 1500.0
 31.884437 1500.0
 31.901586 1500.0
 31.918735 1500.0
 31.935884 1500.0
 31.953033 1500.0
 31.970182 1500.0
 31.987331 1500.0
 32.00448 1500.0
 32.021629 1500.0
 32.038778 1500.0
 32.055928 1500.0
 32.073077 1500.0
 32.090226 1500.0
 32.107375 1500.0
 32.124524 1500.0
 32.141673 1500.0
 32.158822 1500.0
 32.175971 1500.0
 32.19312 1500.0
 32.21027 1500.0
 32.227419 1500.0
 32.244568 1500.0
 32.261717 1500.0
 32.278866 1500.0
 32.296015 1500.0
 32.313164 1500.0
 32.330313 1500.0
 32.347462 1500.0
 32.364611 1500.0
 32.38176 1500.0
 32.39891 1500.0
 32.416059 1500.0
 32.433208 1500.0
 32.450357 1500.0
 32.467506 1500.0
 32.484655 1500.0
 32.501804 1500.0
 32.518953 1500.0
 32.536102 1500.0
 32.553252 1500.0
 32.570401 1500.0
 32.58755 1500.0
 32.604699 1500.0
 32.621848 1500.0
 32.638997 1501.435596
 32.656146 1508.65038
 32.673295 1539.765793
 32.690444 1639.584698
 32.707593 1874.524676
 32.724743 2269.097204
 32.741892 2710.499147
 32.759041 2962.588595
 32.77619 2858.899884
 32.793339 2472.505896
 32.810488 2036.921486
 32.827637 1728.978687
 32.844786 1575.494105
 32.861935 1519.248772
 32.879084 1503.794509
 32.896234 1500.577866
 32.913383 1500.0
 32.930532 1500.0
 32.947681 1500.65556
 32.96483 1505.081449
 32.981979 1529.935568
 32.999128 1634.101431
 33.016277 1956.933942
 33.033426 2684.441801
 33.050575 3835.824762
 33.067725 5004.561236
 33.084874 5500.179209
 33.102023 4973.402675
 33.119172 3794.217368
 33.136321 2652.632877
 33.15347 1940.452212
 33.170619 1628.007197
 33.187768 1528.292853
 33.204917 1504.755624
 33.222066 1500.0
 33.239216 1500.0
 33.256365 1500.0
 33.273514 1500.0
 33.290663 1500.0
 33.307812 1500.0
 33.324961 1500.0
 33.34211 1500.0
 33.359259 1500.0
 33.376408 1500.0
 33.393557 1500.0
 33.410707 1500.0
 33.427856 1500.0
 33.445005 1500.0
 33.462154 1500.0
 33.479303 1500.0
 33.496452 1500.0
 33.513601 1500.0
 33.53075 1500.0
 33.547899 1502.716218
 33.565048 1516.425577
 33.582197 1576.11452
 33.599347 1770.662406
 33.616496 2239.772836
 33.633645 3058.234174
 33.650794 4037.789285
 33.667943 4731.83118
 33.685092 4852.73336
 33.702241 4746.154091
 33.71939 5243.888986
 33.736539 6793.494659
 33.753689 8693.456526
 33.770838 9486.364051
 33.787987 8376.861719
 33.805136 6032.058124
 33.822285 3778.152602
 33.839434 2372.938946
 33.856583 1754.835549
 33.873732 1556.671322
 33.890881 1509.599611
 33.90803 1500.0
 33.925179 1500.0
 33.942329 1500.0
 33.959478 1500.0
 33.976627 1500.0
 33.993776 1500.0
 34.010925 1500.0
 34.028074 1500.0
 34.045223 1500.0
 34.062372 1500.0
 34.079521 1500.0
 34.096671 1500.0
 34.11382 1500.0
 34.130969 1500.0
 34.148118 1500.0
 34.165267 1500.0
 34.182416 1500.0
 34.199565 1500.0
 34.216714 1500.0
 34.233863 1500.0
 34.251012 1500.0
 34.268162 1500.0
 34.285311 1500.0
 34.30246 1500.0
 34.319609 1500.0
 34.336758 1500.0
 34.353907 1500.0
 34.371056 1500.0
 34.388205 1500.0
 34.405354 1500.0
 34.422503 1500.0
 34.439653 1500.0
 34.456802 1500.0
 34.473951 1500.0
 34.4911 1500.0
 34.508249 1500.0
 34.525398 1500.0
 34.542547 1500.0
 34.559696 1500.0
 34.576845 1500.0
 34.593994 1500.0
 34.611144 1500.0
 34.628293 1500.0
 34.645442 1500.0
 34.662591 1500.00435
 34.67974 1502.312089
 34.696889 1514.524559
 34.714038 1570.662803
 34.731187 1766.525347
 34.748336 2279.933128
 34.765485 3271.126264
 34.782635 4620.216127
 34.799784 5760.978325
 34.816933 6004.898876
 34.834082 5181.675894
 34.851231 3821.984407
 34.86838 2628.200865
 34.885529 1921.621413
 34.902678 1621.011906
 34.919827 1526.64048
 34.936976 1504.493397
 34.954126 1500.0
 34.971275 1500.0
 34.988424 1500.0
 35.005573 1500.0
 35.022722 1500.0
 35.039871 1500.0
 35.05702 1500.04101
 35.074169 1500.242757
 35.091318 1501.101116
 35.108467 1503.831529
 35.125617 1510.241848
 35.142766 1521.06325
 35.159915 1533.385257
 35.177064 1540.854806
 35.194213 1538.668112
 35.211362 1528.350934
 35.228511 1516.122031
 35.24566 1507.115905
 35.262809 1502.438167
 35.279958 1500.648217
 35.297108 1500.133587
 35.314257 1500.02131
 35.331406 1500.0
 35.348555 1500.0
 35.365704 1500.0
 35.382853 1500.0
 35.400002 1500.0
 35.417151 1500.0
 35.4343 1500.0
 35.451449 1500.0
 35.468598 1500.0
 35.485748 1500.0
 35.502897 1500.0
 35.520046 1500.0
 35.537195 1500.0
 35.554344 1500.0
 35.571493 1512.404477
 35.588642 1571.99013
 35.605791 1819.60493
 35.62294 2585.833953
 35.64009 4324.392097
 35.657239 7127.895241
 35.674388 10096.600456
 35.691537 11574.552017
 35.708686 10566.996594
 35.725835 7773.668645
 35.742984 4841.46133
 35.760133 2871.777616
 35.777282 1934.663484
 35.794431 1606.442019
 35.811581 1520.168201
 35.82873 1502.959431
 35.845879 1500.0
 35.863028 1500.0
 35.880177 1500.0
 35.897326 1500.0
 35.914475 1500.0
 35.931624 1500.0
 35.948773 1500.0
 35.965922 1500.0
 35.983072 1500.0
 36.000221 1500.0
 36.01737 1500.0
 36.034519 1500.0
 36.051668 1500.0
 36.068817 1500.0
 36.085966 1500.0
 36.103115 1500.0
 36.120264 1500.0
 36.137413 1500.0
 36.154563 1500.0
 36.171712 1500.0
 36.188861 1500.0
 36.20601 1500.0
 36.223159 1501.972796
 36.240308 1511.735664
 36.257457 1553.881544
 36.274606 1691.229682
 36.291755 2025.463638
 36.308904 2619.587451
 36.326054 3352.115662
 36.343203 3881.185731
 36.360352 3880.453006
 36.377501 3350.424186
 36.39465 2617.918269
 36.411799 2024.399066
 36.428948 1690.74998
 36.446097 1553.723487
 36.463246 1511.696936
 36.480395 1501.965672
 36.497545 1500.0
 36.514694 1500.0
 36.531843 1500.0
 36.548992 1501.571632
 36.566141 1509.044319
 36.58329 1539.902387
 36.600439 1635.034895
 36.617588 1850.747679
 36.634737 2199.812742
 36.651886 2573.516708
 36.669036 2767.493526
 36.686185 2653.264693
 36.703334 2309.750634
 36.720483 1939.381475
 36.737632 1684.515976
 36.754781 1560.051417
 36.77193 1515.164089
 36.789079 1502.97359
 36.806228 1500.453008
 36.823377 1500.0
 36.840527 1500.0
 36.857676 1500.0
 36.874825 1500.0
 36.891974 1500.0
 36.909123 1500.0
 36.926272 1500.0
 36.943421 1500.0
 36.96057 1500.0
 36.977719 1500.0
 36.994868 1500.0
 37.012018 1500.0
 37.029167 1500.0
 37.046316 1500.0
 37.063465 1500.016494
 37.080614 1500.094168
 37.097763 1500.412805
 37.114912 1501.390186
 37.132061 1503.598742
 37.14921 1507.166274
 37.166359 1510.986781
 37.183509 1512.980985
 37.200658 1511.832681
 37.217807 1508.331378
 37.234956 1504.536826
 37.252105 1501.913056
 37.269254 1500.625378
 37.286403 1500.158641
 37.303552 1500.03125
 37.320701 1500.004782
 37.33785 1500.0
 37.355 1500.0
 37.372149 1500.0
 37.389298 1500.92253
 37.406447 1505.3332
 37.423596 1523.753902
 37.440745 1581.790443
 37.457894 1717.604942
 37.475043 1949.100352
 37.492192 2222.147924
 37.509341 2410.996009
 37.526491 2411.668455
 37.54364 2236.273145
 37.560789 1991.233668
 37.577938 1777.524072
 37.595087 1634.728121
 37.612236 1555.932465
 37.629385 1519.432227
 37.646534 1505.501766
 37.663683 1501.169559
 37.680832 1500.212909
 37.697982 1500.0298
 37.715131 1500.0
 37.73228 1500.0
 37.749429 1500.0
 37.766578 1500.0
 37.783727 1500.0
 37.800876 1500.0
 37.818025 1500.0
 37.835174 1500.0
 37.852323 1500.0
 37.869473 1500.0
 37.886622 1500.0
 37.903771 1500.0
 37.92092 1504.984271
 37.938069 1528.511005
 37.955218 1625.425441
 37.972367 1924.742723
 37.989516 2608.459958
 38.006665 3732.231697
 38.023814 4974.045794
 38.040964 5685.28307
 38.058113 5409.818579
 38.075262 4337.046809
 38.092411 3101.45899
 38.10956 2206.795693
 38.126709 1756.571024
 38.143858 1630.851901
 38.161007 1735.279931
 38.178156 2073.189514
 38.195305 2632.810971
 38.212455 3233.733005
 38.229604 3549.007291
 38.246753 3372.02245
 38.263902 2823.70469
 38.281051 2225.282518
 38.2982 1808.299334
 38.315349 1601.778385
 38.332498 1526.118087
 38.349647 1505.213096
 38.366796 1500.809537
 38.383946 1500.0
 38.401095 1500.0
 38.418244 1500.0
 38.435393 1500.0
 38.452542 1500.0
 38.469691 1500.0
 38.48684 1500.0
 38.503989 1500.0
 38.521138 1500.0
 38.538287 1501.102089
 38.555437 1506.533342
 38.572586 1531.504075
 38.589735 1615.757434
 38.606884 1835.195597
 38.624033 2268.453734
 38.641182 2900.884487
 38.658331 3537.99823
 38.67548 3871.350247
 38.692629 3708.092404
 38.709778 3143.457446
 38.726928 2475.204236
 38.744077 1959.753005
 38.761226 1671.558567
 38.778375 1550.48932
 38.795524 1511.682174
 38.812673 1501.898832
 38.829822 1500.278042
 38.846971 1500.0
 38.86412 1500.0
 38.881269 1500.0
 38.898419 1500.0
 38.915568 1500.0
 38.932717 1500.0
 38.949866 1500.0
 38.967015 1500.0
 38.984164 1500.0
 39.001313 1500.0
 39.018462 1500.0
 39.035611 1500.0
 39.05276 1500.0
 39.06991 1500.0
 39.087059 1500.0
 39.104208 1500.0
 39.121357 1500.561796
 39.138506 1503.241072
 39.155655 1514.480341
 39.172804 1550.184772
 39.189953 1635.151931
 39.207102 1783.312639
 39.224251 1962.977091
 39.241401 2090.489795
 39.25855 2088.203119
 39.275699 1957.679466
 39.292848 1778.047342
 39.309997 1631.757654
 39.327146 1548.63331
 39.344295 1513.95995
 39.361444 1503.110806
 39.378593 1500.537228
 39.395742 1500.0
 39.412892 1500.0
 39.430041 1500.0
 39.44719 1500.0
 39.464339 1500.0
 39.481488 1500.0
 39.498637 1500.0
 39.515786 1500.0
 39.532935 1500.0
 39.550084 1500.0
 39.567233 1500.0
 39.584383 1500.0
 39.601532 1500.0
 39.618681 1500.0
 39.63583 1500.0
 39.652979 1500.0
 39.670128 1500.0
 39.687277 1500.0
 39.704426 1500.0
 39.721575 1500.0
 39.738724 1500.0
 39.755874 1500.0
 39.773023 1500.0
 39.790172 1500.0
 39.807321 1500.0
 39.82447 1500.0
 39.841619 1500.0
 39.858768 1500.0
 39.875917 1500.0
 39.893066 1500.0
 39.910215 1500.0
 39.927365 1500.0
 39.944514 1500.0
 39.961663 1500.0
 39.978812 1500.0
 39.995961 1500.0
 40.01311 1500.0
 40.030259 1500.0
 40.047408 1500.0
 40.064557 1500.0
 40.081706 1500.0
 40.098856 1500.0
 40.116005 1500.0
 40.133154 1500.0
 40.150303 1500.0
 40.167452 1500.0
 40.184601 1500.00004
 40.20175 1500.000243
 40.218899 1500.001157
 40.236048 1500.0043
 40.253197 1500.012494
 40.270347 1500.028371
 40.287496 1500.050298
 40.304645 1500.069538
 40.321794 1500.263554
 40.338943 1501.328879
 40.356092 1506.639663
 40.373241 1532.421003
 40.39039 1615.223936
 40.407539 1837.665478
 40.424688 2324.721355
 40.441838 3182.374729
 40.458987 4343.709382
 40.476136 5427.198076
 40.493285 5866.577828
 40.510434 5363.303622
 40.527583 4198.396115
 40.544732 2981.060157
 40.561881 2140.011845
 40.57903 1729.721357
 40.596179 1619.858365
 40.613329 1718.756576
 40.630478 2024.390775
 40.647627 2520.106139
 40.664776 3047.674195
 40.681925 3342.41086
 40.699074 3259.336792
 40.716223 2912.574065
 40.733372 2533.11696
 40.750521 2244.35224
 40.76767 2029.375904
 40.78482 1845.577202
 40.801969 1692.312045
 40.819118 1587.329785
 40.836267 1531.590316
 40.853416 1509.055126
 40.870565 1502.033048
 40.887714 1500.319441
 40.904863 1500.0
 40.922012 1500.0
 40.939161 1500.0
 40.956311 1500.0
 40.97346 1500.0
 40.990609 1500.0
 41.007758 1500.0
 41.024907 1500.0
 41.042056 1500.0
 41.059205 1500.0
 41.076354 1500.0
 41.093503 1500.0
 41.110652 1500.0
 41.127802 1500.0
 41.144951 1500.0
 41.1621 1500.0
 41.179249 1500.0
 41.196398 1500.0
 41.213547 1500.0
 41.230696 1500.0
 41.247845 1500.0
 41.264994 1500.0
 41.282143 1500.0
 41.299293 1500.0
 41.316442 1500.0
 41.333591 1500.0
 41.35074 1500.0
 41.367889 1500.0
 41.385038 1500.0
 41.402187 1500.0
 41.419336 1500.0
 41.436485 1500.0
 41.453634 1500.0
 41.470784 1500.0
 41.487933 1500.0
 41.505082 1500.0
 41.522231 1500.0
 41.53938 1500.0
 41.556529 1500.0
 41.573678 1500.0
 41.590827 1500.0
 41.607976 1500.0
 41.625125 1500.0
 41.642275 1500.0
 41.659424 1500.0
 41.676573 1500.009242
 41.693722 1500.050432
 41.710871 1500.21323
 41.72802 1500.699117
 41.745169 1501.779233
 41.762318 1503.518696
 41.779467 1505.414317
 41.796616 1506.491015
 41.813766 1506.071651
 41.830915 1504.437452
 41.848064 1502.53715
 41.865213 1501.136042
 41.882362 1500.398638
 41.899511 1500.109653
 41.91666 1501.382166
 41.933809 1507.84517
 41.950958 1535.411316
 41.968107 1625.281792
 41.985257 1847.545739
 42.002406 2256.342107
 42.019555 2791.21275
 42.036704 3228.3406
 42.053853 3312.199483
 42.071002 2986.554033
 42.088151 2452.621129
 42.1053 1976.165873
 42.122449 1685.370138
 42.139598 1556.124538
 42.156748 1513.199209
 42.173897 1502.408502
 42.191046 1500.0
 42.208195 1500.0
 42.225344 1500.0
 42.242493 1500.0
 42.259642 1500.0
 42.276791 1500.0
 42.29394 1500.0
 42.311089 1500.0
 42.328239 1500.0
 42.345388 1500.0
 42.362537 1500.0
 42.379686 1500.0
 42.396835 1500.0
 42.413984 1500.0
 42.431133 1500.0
 42.448282 1500.0
 42.465431 1500.0
 42.48258 1500.0
 42.49973 1503.054459
 42.516879 1516.431084
 42.534028 1568.56223
 42.551177 1722.058326
 42.568326 2058.652862
 42.585475 2592.687221
 42.602624 3163.303573
 42.619773 3472.714504
 42.636922 3325.197774
 42.654071 2819.061042
 42.671221 2245.692985
 42.68837 1830.764862
 42.705519 1618.082807
 42.722668 1544.005124
 42.739817 1542.487155
 42.756966 1580.805709
 42.774115 1644.104119
 42.791264 1718.781997
 42.808413 1791.350909
 42.825562 1852.622516
 42.842712 1887.336871
 42.859861 1871.63569
 42.87701 1797.348384
 42.894159 1691.771112
 42.911308 1597.757398
 42.928457 1538.989494
 42.945606 1512.070681
 42.962755 1502.914236
 42.979904 1500.545106
 42.997053 1500.0
 43.014203 1504.801065
 43.031352 1525.699096
 43.048501 1606.650749
 43.06565 1843.335722
 43.082799 2357.986747
 43.099948 3165.742206
 43.117097 4014.935497
 43.134246 4456.194767
 43.151395 4208.860591
 43.168544 3437.760653
 43.185694 2583.71353
 43.202843 1974.530067
 43.219992 1662.90288
 43.237141 1543.892064
 43.25429 1509.288779
 43.271439 1501.544472
 43.288588 1500.0
 43.305737 1500.0
 43.322886 1500.0
 43.340035 1500.0
 43.357185 1500.0
 43.374334 1500.0
 43.391483 1500.0
 43.408632 1500.0
 43.425781 1500.0
 43.44293 1500.0
 43.460079 1500.0
 43.477228 1500.0
 43.494377 1500.0
 43.511526 1500.0
 43.528676 1500.0
 43.545825 1500.0
 43.562974 1500.0
 43.580123 1500.009482
 43.597272 1500.055656
 43.614421 1500.256794
 43.63157 1500.931527
 43.648719 1502.656048
 43.665868 1506.131003
 43.683017 1511.428524
 43.700167 1518.444439
 43.717316 1528.598284
 43.734465 1546.027705
 43.751614 1573.492399
 43.768763 1604.482207
 43.785912 1623.468289
 43.803061 1619.514623
 43.82021 1598.715188
 43.837359 1577.977429
 43.854508 1567.17341
 43.871658 1561.860558
 43.888807 1552.826504
 43.905956 1538.082522
 43.923105 1523.907168
 43.940254 1521.491911
 43.957403 1550.048015
 43.974552 1644.964219
 43.991701 1846.777482
 44.00885 2149.089186
 44.025999 2449.633169
 44.043149 2600.324335
 44.060298 2554.769873
 44.077447 2435.105396
 44.094596 2397.141274
 44.111745 2447.979625
 44.128894 2450.256926
 44.146043 2298.158033
 44.163192 2033.264601
 44.180341 1778.323046
 44.19749 1613.201293
 44.21464 1535.732752
 44.231789 1508.75115
 44.248938 1501.922966
 44.266087 1501.416934
 44.283236 1506.039505
 44.300385 1520.199995
 44.317534 1553.077339
 44.334683 1612.013586
 44.351832 1691.692797
 44.368981 1788.158267
 44.386131 1941.145807
 44.40328 2268.366332
 44.420429 2894.149054
 44.437578 3757.279069
 44.454727 4497.528786
 44.471876 4666.241347
 44.489025 4133.410107
 44.506174 3218.072548
 44.523323 2377.540826
 44.540472 1850.499666
 44.557622 1609.344569
 44.574771 1526.620198
 44.59192 1505.053527
 44.609069 1500.0
 44.626218 1500.0
 44.643367 1500.0
 44.660516 1500.0
 44.677665 1500.0
 44.694814 1500.0
 44.711963 1500.0
 44.729113 1500.0
 44.746262 1500.0
 44.763411 1500.0
 44.78056 1500.0
 44.797709 1500.0
 44.814858 1500.0
 44.832007 1500.0
 44.849156 1500.0
 44.866305 1500.0
 44.883454 1501.048928
 44.900604 1506.09099
 44.917753 1530.853859
 44.934902 1615.949815
 44.952051 1847.724432
 44.9692 2333.547688
 44.986349 3099.135346
 45.003498 3956.918447
 45.020647 4523.243003
 45.037796 4477.768813
 45.054945 3845.11836
 45.072095 2974.461929
 45.089244 2238.806843
 45.106393 1794.484667
 45.123542 1593.212137
 45.140691 1523.392914
 45.15784 1504.215215
 45.174989 1500.680351
 45.192138 1500.0
 45.209287 1500.0
 45.226436 1500.0
 45.243586 1500.0
 45.260735 1500.0
 45.277884 1500.0
 45.295033 1500.0
 45.312182 1500.0
 45.329331 1500.0
 45.34648 1500.0
 45.363629 1500.0
 45.380778 1500.570587
 45.397927 1503.054076
 45.415077 1512.811094
 45.432226 1542.178527
 45.449375 1609.157857
 45.466524 1722.383095
 45.483673 1857.083082
 45.500822 1952.329235
 45.517971 1952.241646
 45.53512 1856.877955
 45.552269 1722.174763
 45.569418 1609.019122
 45.586568 1542.112304
 45.603717 1513.018711
 45.620866 1504.559807
 45.638015 1508.2878
 45.655164 1530.70703
 45.672313 1596.482466
 45.689462 1736.342514
 45.706611 1958.196224
 45.72376 2214.876626
 45.740909 2423.833265
 45.758059 2528.473452
 45.775208 2520.194112
 45.792357 2405.71163
 45.809506 2199.603424
 45.826655 1952.217224
 45.843804 1737.293122
 45.860953 1599.301356
 45.878102 1532.857892
 45.895251 1508.541804
 45.9124 1501.757641
 45.92955 1500.284818
 45.946699 1500.0
 45.963848 1500.0
 45.980997 1500.0
 45.998146 1500.0
 46.015295 1500.0
 46.032444 1500.0
 46.049593 1500.0
 46.066742 1500.0
 46.083891 1500.0
 46.101041 1500.0
 46.11819 1500.0
 46.135339 1500.0
 46.152488 1500.0
 46.169637 1500.0
 46.186786 1500.0
 46.203935 1500.0
 46.221084 1500.0
 46.238233 1500.0
 46.255382 1500.0
 46.272532 1500.0
 46.289681 1500.0
 46.30683 1500.0
 46.323979 1500.0
 46.341128 1500.0
 46.358277 1500.0
 46.375426 1500.0
 46.392575 1500.0
 46.409724 1500.0
 46.426873 1500.0
 46.444023 1500.0
 46.461172 1500.227252
 46.478321 1501.519865
 46.49547 1507.973488
 46.512619 1532.851709
 46.529768 1606.437387
 46.546917 1771.539692
 46.564066 2046.179443
 46.581215 2367.169685
 46.598364 2587.787375
 46.615514 2578.750406
 46.632663 2345.92903
 46.649812 2024.449907
 46.666961 1756.911344
 46.68411 1599.353042
 46.701259 1530.297233
 46.718408 1507.276002
 46.735557 1501.374277
 46.752706 1500.203884
 46.769855 1500.0
 46.787005 1500.0
 46.804154 1500.0
 46.821303 1500.0
 46.838452 1500.0
 46.855601 1500.0
 46.87275 1500.0
 46.889899 1500.0
 46.907048 1500.0
 46.924197 1500.0
 46.941346 1500.0
 46.958496 1500.0
 46.975645 1500.0
 46.992794 1500.0
 47.009943 1500.0
 47.027092 1500.0
 47.044241 1500.0
 47.06139 1500.0
 47.078539 1500.0
 47.095688 1500.126721
 47.112837 1500.834183
 47.129987 1504.298276
 47.147136 1517.353045
 47.164285 1555.25247
 47.181434 1638.599216
 47.198583 1776.979733
 47.215732 1949.539779
 47.232881 2115.589103
 47.25003 2255.515525
 47.267179 2379.423769
 47.284328 2473.079132
 47.301478 2468.711672
 47.318627 2315.115816
 47.335776 2057.202407
 47.352925 1805.656591
 47.370074 1642.799498
 47.387223 1584.21552
 47.404372 1607.384512
 47.421521 1678.520039
 47.43867 1753.003497
 47.455819 1783.182399
 47.472969 1748.074693
 47.490118 1669.938852
 47.507267 1591.021961
 47.524416 1538.119514
 47.541565 1512.482169
 47.558714 1503.19567
 47.575863 1500.639657
 47.593012 1500.100099
 47.610161 1500.0
 47.62731 1500.0
 47.64446 1500.0
 47.661609 1500.0
 47.678758 1500.0
 47.695907 1500.0
 47.713056 1500.0
 47.730205 1500.0
 47.747354 1500.0
 47.764503 1500.0
 47.781652 1500.375174
 47.798801 1502.477364
 47.815951 1512.882006
 47.8331 1552.815225
 47.850249 1670.95215
 47.867398 1937.389399
 47.884547 2385.565958
 47.901696 2920.086431
 47.918845 3304.666121
 47.935994 3317.830027
 47.953143 2951.108242
 47.970292 2417.468439
 47.987442 1959.035628
 48.004591 1681.545646
 48.02174 1556.685443
 48.038889 1513.955516
 48.056038 1502.705598
 48.073187 1500.412585
 48.090336 1500.0
 48.107485 1500.0
 48.124634 1500.0
 48.141783 1500.0
 48.158933 1500.0
 48.176082 1500.0
 48.193231 1500.0
 48.21038 1500.0
 48.227529 1500.0
 48.244678 1500.0
 48.261827 1500.0
 48.278976 1500.0
 48.296125 1500.0
 48.313274 1500.0
 48.330424 1500.0
 48.347573 1500.0
 48.364722 1500.0
 48.381871 1500.0
 48.39902 1500.139247
 48.416169 1501.002261
 48.433318 1505.726122
 48.450467 1525.952334
 48.467616 1593.219807
 48.484765 1765.037828
 48.501915 2095.596067
 48.519064 2556.308598
 48.536213 2976.355036
 48.553362 3123.910637
 48.570511 2904.031253
 48.58766 2453.181942
 48.604809 2007.656126
 48.621958 1712.123411
 48.639107 1570.425346
 48.656256 1523.228369
 48.673406 1524.992612
 48.690555 1566.61953
 48.707704 1660.358705
 48.724853 1806.841099
 48.742002 1963.272773
 48.759151 2052.474102
 48.7763 2020.945005
 48.793449 1888.784121
 48.810598 1729.849999
 48.827747 1607.721868
 48.844897 1540.039243
 48.862046 1511.805005
 48.879195 1502.760509
 48.896344 1500.511768
 48.913493 1500.075167
 48.930642 1500.0
 48.947791 1500.0
 48.96494 1500.0
 48.982089 1500.0
 48.999238 1500.0
 49.016388 1500.0
 49.033537 1500.0
 49.050686 1500.658403
 49.067835 1504.211341
 49.084984 1521.113416
 49.102133 1583.419831
 49.119282 1760.055152
 49.136431 2140.515923
 49.15358 2748.274843
 49.170729 3427.994131
 49.187879 3864.001609
 49.205028 3805.014787
 49.222177 3290.181823
 49.239326 2609.121408
 49.256475 2048.914234
 49.273624 1717.253867
 49.290773 1568.828173
 49.307922 1517.466417
 49.325071 1503.552145
 49.34222 1500.579084
 49.35937 1500.027385
 49.376519 1500.0
 49.393668 1500.0
 49.410817 1500.0
 49.427966 1500.0
 49.445115 1500.0
 49.462264 1500.0
 49.479413 1500.0
 49.496562 1500.0
 49.513711 1500.0
 49.530861 1500.0
 49.54801 1500.043151
 49.565159 1500.26959
 49.582308 1501.321074
 49.599457 1505.078855
 49.616606 1515.323268
 49.633755 1536.295064
 49.650904 1567.523745
 49.668053 1598.724627
 49.685202 1613.515089
 49.702352 1602.730086
 49.719501 1573.244649
 49.73665 1541.187743
 49.753799 1518.289794
 49.770948 1506.42206
 49.788097 1501.785492
 49.805246 1500.393583
 49.822395 1500.068869
 49.839544 1500.009575
 49.856693 1500.0
 49.873843 1500.0
 49.890992 1500.0
 49.908141 1500.0
 49.92529 1500.0
 49.942439 1500.0
 49.959588 1500.0
 49.976737 1500.0
 49.993886 1500.0
 50.011035 1500.0
 50.028184 1500.0
 50.045334 1500.0
 50.062483 1500.0
 50.079632 1500.0
 50.096781 1500.0
 50.11393 1500.0
 50.131079 1500.0
 50.148228 1500.0
 50.165377 1500.0
 50.182526 1500.0
 50.199675 1500.0
 50.216825 1500.0
 50.233974 1500.0
 50.251123 1500.0
 50.268272 1500.0
 50.285421 1500.0
 50.30257 1500.0
 50.319719 1500.0
 50.336868 1500.0
 50.354017 1500.0
 50.371166 1500.0
 50.388316 1500.0
 50.405465 1500.0
 50.422614 1500.013731
 50.439763 1500.08527
 50.456912 1500.417761
 50.474061 1501.615984
 50.49121 1504.993468
 50.508359 1512.278581
 50.525508 1524.507943
 50.542657 1541.044447
 50.559807 1561.150972
 50.576956 1586.773608
 50.594105 1620.103843
 50.611254 1655.156997
 50.628403 1675.748741
 50.645552 1669.035882
 50.662701 1640.333305
 50.67985 1608.364084
 50.696999 1586.019276
 50.714148 1571.104921
 50.731298 1555.518989
 50.748447 1537.106255
 50.765596 1520.159974
 50.782745 1508.722419
 50.799894 1502.979492
 50.817043 1500.80421
 50.834192 1500.170944
 50.851341 1500.028619
 50.86849 1500.003774
 50.885639 1500.0
 50.902789 1500.0
 50.919938 1500.0
 50.937087 1500.0
 50.954236 1500.0
 50.971385 1500.0
 50.988534 1500.0
 51.005683 1500.0
 51.022832 1500.0
 51.039981 1500.0
 51.05713 1500.0
 51.07428 1500.008355
 51.091429 1500.050569
 51.108578 1500.241236
 51.125727 1500.907165
 51.142876 1502.689798
 51.160025 1506.290194
 51.177174 1511.605428
 51.194323 1516.899532
 51.211472 1519.430831
 51.228621 1517.649048
 51.245771 1512.670571
 51.26292 1507.193936
 51.280069 1503.232182
 51.297218 1501.198421
 51.314367 1500.618376
 51.331516 1501.479248
 51.348665 1505.319183
 51.365814 1515.799502
 51.382963 1537.141794
 51.400112 1569.003475
 51.417262 1601.374375
 51.434411 1617.865603
 51.45156 1608.552432
 51.468709 1579.270101
 51.485858 1545.945141
 51.503007 1521.157944
 51.520156 1507.748735
 51.537305 1502.258812
 51.554454 1500.524457
 51.571603 1500.09703
 51.588753 1500.014306
 51.605902 1500.0
 51.623051 1500.0
 51.6402 1500.0
 51.657349 1500.0
 51.674498 1500.0
 51.691647 1500.0
 51.708796 1500.0
 51.725945 1500.0
 51.743094 1500.0
 51.760244 1500.0
 51.777393 1500.0
 51.794542 1500.0
 51.811691 1500.0
 51.82884 1500.0
 51.845989 1500.0
 51.863138 1500.0
 51.880287 1500.0
 51.897436 1500.0
 51.914585 1500.0
 51.931735 1500.0
 51.948884 1500.0
 51.966033 1500.0
 51.983182 1500.0
 52.000331 1500.0
 52.01748 1500.0
 52.034629 1500.0
 52.051778 1500.0
 52.068927 1500.0
 52.086076 1500.0
 52.103226 1500.0
 52.120375 1500.0
 52.137524 1500.0
 52.154673 1500.0
 52.171822 1500.0
 52.188971 1500.0
 52.20612 1500.0
 52.223269 1500.0
 52.240418 1500.0
 52.257567 1500.0
 52.274717 1500.0
 52.291866 1500.0
 52.309015 1500.0
 52.326164 1500.0
 52.343313 1500.0
 52.360462 1500.0
 52.377611 1500.476604
 52.39476 1502.818874
 52.411909 1513.157859
 52.429058 1548.469582
 52.446208 1640.897452
 52.463357 1823.185518
 52.480506 2084.879571
 52.497655 2334.984658
 52.514804 2439.718685
 52.531953 2333.999665
 52.549102 2083.863518
 52.566251 1822.528141
 52.5834 1640.812824
 52.600549 1549.46006
 52.617699 1516.817012
 52.634848 1512.514435
 52.651997 1520.82382
 52.669146 1534.078994
 52.686295 1545.54331
 52.703444 1548.516618
 52.720593 1541.151981
 52.737742 1527.760599
 52.754891 1514.877461
 52.77204 1506.327773
 52.78919 1502.134031
 52.806339 1500.570207
 52.823488 1500.245276
 52.840637 1501.13416
 52.857786 1505.798444
 52.874935 1524.162699
 52.892084 1581.26819
 52.909233 1721.077067
 52.926382 1987.257548
 52.943531 2371.169676
 52.960681 2764.406955
 52.97783 2990.047463
 52.994979 2925.407076
 53.012128 2606.651159
 53.029277 2198.360101
 53.046426 1865.793188
 53.063575 1687.685628
 53.080724 1671.008411
 53.097873 1799.494263
 53.115022 2036.070602
 53.132172 2290.476563
 53.149321 2432.135645
 53.16647 2376.699512
 53.183619 2157.925003
 53.200768 1894.286516
 53.217917 1688.830846
 53.235066 1572.309681
 53.252215 1522.147315
 53.269364 1505.425936
 53.286513 1501.282691
 53.303663 1501.586711
 53.320812 1507.35034
 53.337961 1530.446865
 53.35511 1600.921032
 53.372259 1767.566573
 53.389408 2067.023437
 53.406557 2459.670772
 53.423706 2796.033646
 53.440855 2895.508292
 53.458004 2698.379421
 53.475154 2325.479185
 53.492303 1971.574301
 53.509452 1758.418736
 53.526601 1688.885928
 53.54375 1695.849608
 53.560899 1706.976318
 53.578048 1684.303982
 53.595197 1631.687303
 53.612346 1574.944686
 53.629495 1533.874825
 53.646645 1512.168834
 53.663794 1503.520592
 53.680943 1501.049012
 53.698092 1501.898672
 53.715241 1507.698701
 53.73239 1527.973624
 53.749539 1584.933946
 53.766688 1713.987519
 53.783837 1944.057841
 53.800986 2252.637995
 53.818136 2533.989821
 53.835285 2644.527344
 53.852434 2516.443816
 53.869583 2222.318426
 53.886732 1910.137709
 53.903881 1685.969057
 53.92103 1567.342105
 53.938179 1519.483666
 53.955328 1504.507103
