res data
0.06601469584158619
0.06256776644017621
0.06321438136048681
0.06239592119072194
0.07245839913114598
0.06069846766919392
0.06147551428551058
0.06402249492088675
0.06327667772316065
0.06074988655913227
0.06059278245520965
0.06198751031704533
0.06704887586979634
0.0638004740042293
0.06224031067074299
0.06670009264792899
0.06626007168289466
0.05347804085261124
0.06467879916250756
0.06652999257992102
0.029791998359069323
0.06500319575167011
0.06481349875903998
0.061932472438817776
0.03559541439993364
0.06356282542404024
0.0661472520781879
0.0662368913236994
0.06347558953971179
0.06886748163614845
0.06416662482611929
0.0643751381796888
0.07347802093223273
0.0660200666102421
0.06426785628039611
0.07227005894090269
0.06927146844715343
0.07000011149590736
0.07352110967870026
0.06680056763721433
0.06789499288330204
0.06635240655392634
0.0984809168555642
0.06588240722345509
0.07408585931066868
0.015550505319349702
0.14549914265499006
0.03515727413567453
0.06842722316270537
0.072979292030057
0.07067459873524519
0.10597910959280166
0.07063081729956812
0.10945257140525753
0.06158485695533323
0.07098626586751601
0.06665130190885578
0.06863007215410026
0.0709609141546554
0.06665051625738601
0.08613123254561922
0.06718609539338188
0.06818925490678301
0.06646227276007621
0.06722256086073733
0.0743778606845736
0.06699735956504618
0.06930247910169977
0.043566431596607474
0.07029467976039475
peak data
 10.225123 7822.980972
 13.740689 5633.473759
 16.364501 1507.801667
 17.942218 4814.199616
 20.034409 11861.626628
 20.548882 6887.523162
 21.457784 37399.441224
 22.075151 31911.328071
 23.138396 6126.261152
 23.82436 12305.916736
 24.253087 4186.19825
 25.642164 23045.236803
 26.173786 15501.178356
 26.499619 4246.5507
 26.911198 3443.679426
 27.682907 7697.071385
 28.849046 5097.509778
 29.877992 1634.55008
 30.032334 11335.518141
 31.044131 26796.437325
 31.147025 4319.771799
 31.472858 5771.78141
 32.759041 3301.080127
 33.084874 6497.829003
 33.667943 5363.421412
 33.770838 11404.281809
 34.816933 7022.385356
 35.177064 1550.076445
 35.691537 14007.556359
 36.343203 4376.109528
 36.669036 3069.444104
 37.183509 1516.066782
 37.509341 2590.675397
 38.040964 6648.321605
 38.229604 4034.818208
 38.67548 4331.575568
 39.241401 2214.073626
Org data
 5.011797 1500.0
 5.028946 1500.0
 5.046095 1500.0
 5.063244 1500.0
 5.080393 1500.0
 5.097542 1500.0
 5.114692 1500.0
 5.131841 1500.0
 5.14899 1500.0
 5.166139 1500.0
 5.183288 1500.0
 5.200437 1500.0
 5.217586 1500.0
 5.234735 1500.0
 5.251884 1500.0
 5.269033 1500.0
 5.286182 1500.0
 5.303332 1500.0
 5.320481 1500.0
 5.33763 1500.0
 5.354779 1500.0
 5.371928 1500.0
 5.389077 1500.0
 5.406226 1500.0
 5.423375 1500.0
 5.440524 1500.0
 5.457674 1500.0
 5.474823 1500.0
 5.491972 1500.0
 5.509121 1500.0
 5.52627 1500.0
 5.543419 1500.0
 5.560568 1500.0
 5.577717 1500.0
 5.594866 1500.0
 5.612015 1500.0
 5.629164 1500.0
 5.646314 1500.0
 5.663463 1500.0
 5.680612 1500.0
 5.697761 1500.0
 5.71491 1500.0
 5.732059 1500.0
 5.749208 1500.0
 5.766357 1500.0
 5.783506 1500.0
 5.800656 1500.0
 5.817805 1500.0
 5.834954 1500.0
 5.852103 1500.0
 5.869252 1500.0
 5.886401 1500.0
 5.90355 1500.0
 5.920699 1500.0
 5.937848 1500.0
 5.954997 1500.0
 5.972147 1500.0
 5.989296 1500.0
 6.006445 1500.0
 6.023594 1500.0
 6.040743 1500.0
 6.057892 1500.0
 6.075041 1500.0
 6.09219 1500.0
 6.109339 1500.0
 6.126488 1500.0
 6.143638 1500.0
 6.160787 1500.0
 6.177936 1500.0
 6.195085 1500.0
 6.212234 1500.0
 6.229383 1500.0
 6.246532 1500.0
 6.263681 1500.0
 6.28083 1500.0
 6.297979 1500.0
 6.315129 1500.0
 6.332278 1500.0
 6.349427 1500.0
 6.366576 1500.0
 6.383725 1500.0
 6.400874 1500.0
 6.418023 1500.0
 6.435172 1500.0
 6.452321 1500.0
 6.46947 1500.0
 6.486619 1500.0
 6.503769 1500.0
 6.520918 1500.0
 6.538067 1500.0
 6.555216 1500.0
 6.572365 1500.0
 6.589514 1500.0
 6.606663 1500.0
 6.623812 1500.0
 6.640961 1500.0
 6.658111 1500.0
 6.67526 1500.0
 6.692409 1500.0
 6.709558 1500.0
 6.726707 1500.0
 6.743856 1500.0
 6.761005 1500.0
 6.778154 1500.0
 6.795303 1500.0
 6.812452 1500.0
 6.829601 1500.0
 6.846751 1500.0
 6.8639 1500.0
 6.881049 1500.0
 6.898198 1500.0
 6.915347 1500.0
 6.932496 1500.0
 6.949645 1500.0
 6.966794 1500.0
 6.983943 1500.0
 7.001093 1500.0
 7.018242 1500.0
 7.035391 1500.0
 7.05254 1500.0
 7.069689 1500.0
 7.086838 1500.0
 7.103987 1500.0
 7.121136 1500.0
 7.138285 1500.0
 7.155434 1500.0
 7.172584 1500.0
 7.189733 1500.0
 7.206882 1500.0
 7.224031 1500.0
 7.24118 1500.0
 7.258329 1500.0
 7.275478 1500.0
 7.292627 1500.0
 7.309776 1500.0
 7.326925 1500.0
 7.344074 1500.0
 7.361224 1500.0
 7.378373 1500.0
 7.395522 1500.0
 7.412671 1500.0
 7.42982 1500.0
 7.446969 1500.0
 7.464118 1500.0
 7.481267 1500.0
 7.498416 1500.0
 7.515566 1500.0
 7.532715 1500.0
 7.549864 1500.0
 7.567013 1500.0
 7.584162 1500.0
 7.601311 1500.0
 7.61846 1500.0
 7.635609 1500.0
 7.652758 1500.0
 7.669907 1500.0
 7.687057 1500.0
 7.704206 1500.0
 7.721355 1500.0
 7.738504 1500.0
 7.755653 1500.0
 7.772802 1500.0
 7.789951 1500.0
 7.8071 1500.0
 7.824249 1500.0
 7.841398 1500.0
 7.858548 1500.0
 7.875697 1500.0
 7.892846 1500.0
 7.909995 1500.0
 7.927144 1500.0
 7.944293 1500.0
 7.961442 1500.0
 7.978591 1500.0
 7.99574 1500.0
 8.012889 1500.0
 8.030038 1500.0
 8.047188 1500.0
 8.064337 1500.0
 8.081486 1500.0
 8.098635 1500.0
 8.115784 1500.0
 8.132933 1500.0
 8.150082 1500.0
 8.167231 1500.0
 8.18438 1500.0
 8.201529 1500.0
 8.218679 1500.0
 8.235828 1500.0
 8.252977 1500.0
 8.270126 1500.0
 8.287275 1500.0
 8.304424 1500.0
 8.321573 1500.0
 8.338722 1500.0
 8.355871 1500.0
 8.37302 1500.0
 8.39017 1500.0
 8.407319 1500.0
 8.424468 1500.0
 8.441617 1500.0
 8.458766 1500.0
 8.475915 1500.0
 8.493064 1500.0
 8.510213 1500.0
 8.527362 1500.0
 8.544512 1500.0
 8.561661 1500.0
 8.57881 1500.0
 8.595959 1500.0
 8.613108 1500.0
 8.630257 1500.0
 8.647406 1500.0
 8.664555 1500.0
 8.681704 1500.0
 8.698853 1500.0
 8.716003 1500.0
 8.733152 1500.0
 8.750301 1500.0
 8.76745 1500.0
 8.784599 1500.0
 8.801748 1500.0
 8.818897 1500.0
 8.836046 1500.0
 8.853195 1500.0
 8.870344 1500.0
 8.887493 1500.0
 8.904643 1500.0
 8.921792 1500.0
 8.938941 1500.0
 8.95609 1500.0
 8.973239 1500.0
 8.990388 1500.0
 9.007537 1500.0
 9.024686 1500.0
 9.041835 1500.0
 9.058985 1500.0
 9.076134 1500.0
 9.093283 1500.0
 9.110432 1500.0
 9.127581 1500.0
 9.14473 1500.0
 9.161879 1500.0
 9.179028 1500.0
 9.196177 1500.0
 9.213326 1500.0
 9.230476 1500.0
 9.247625 1500.0
 9.264774 1500.0
 9.281923 1500.0
 9.299072 1500.0
 9.316221 1500.0
 9.33337 1500.0
 9.350519 1500.0
 9.367668 1500.0
 9.384817 1500.0
 9.401967 1500.0
 9.419116 1500.0
 9.436265 1500.0
 9.453414 1500.0
 9.470563 1500.0
 9.487712 1500.0
 9.504861 1500.0
 9.52201 1500.0
 9.539159 1500.0
 9.556308 1500.0
 9.573458 1500.0
 9.590607 1500.0
 9.607756 1500.0
 9.624905 1500.0
 9.642054 1500.0
 9.659203 1500.0
 9.676352 1500.0
 9.693501 1500.0
 9.71065 1500.0
 9.727799 1500.0
 9.744948 1500.0
 9.762098 1500.0
 9.779247 1500.0
 9.796396 1500.0
 9.813545 1500.0
 9.830694 1500.0
 9.847843 1500.0
 9.864992 1500.0
 9.882141 1500.0
 9.89929 1500.0
 9.916439 1500.0
 9.933589 1500.0
 9.950738 1500.0
 9.967887 1500.0
 9.985036 1500.0
 10.002185 1500.0
 10.019334 1500.0
 10.036483 1500.0
 10.053632 1500.0
 10.070781 1500.0
 10.087931 1500.0
 10.10508 1500.0
 10.122229 1500.810423
 10.139378 1510.931045
 10.156527 1593.716029
 10.173676 2014.003195
 10.190825 3318.197459
 10.207974 5685.653164
 10.225123 7822.980972
 10.242272 7800.524795
 10.259422 5642.665072
 10.276571 3289.035845
 10.29372 2003.411641
 10.310869 1591.466509
 10.328018 1510.642198
 10.345167 1500.787645
 10.362316 1500.0
 10.379465 1500.0
 10.396614 1500.0
 10.413763 1500.0
 10.430913 1500.0
 10.448062 1500.0
 10.465211 1500.0
 10.48236 1500.0
 10.499509 1500.0
 10.516658 1500.0
 10.533807 1500.0
 10.550956 1500.0
 10.568105 1500.0
 10.585254 1500.0
 10.602404 1500.0
 10.619553 1500.0
 10.636702 1500.0
 10.653851 1500.0
 10.671 1500.0
 10.688149 1500.0
 10.705298 1500.0
 10.722447 1500.0
 10.739596 1500.0
 10.756745 1500.0
 10.773895 1500.0
 10.791044 1500.0
 10.808193 1500.0
 10.825342 1500.0
 10.842491 1500.0
 10.85964 1500.0
 10.876789 1500.0
 10.893938 1500.0
 10.911087 1500.0
 10.928236 1500.0
 10.945386 1500.0
 10.962535 1500.0
 10.979684 1500.0
 10.996833 1500.0
 11.013982 1500.0
 11.031131 1500.0
 11.04828 1500.0
 11.065429 1500.0
 11.082578 1500.0
 11.099727 1500.0
 11.116877 1500.0
 11.134026 1500.0
 11.151175 1500.0
 11.168324 1500.0
 11.185473 1500.0
 11.202622 1500.0
 11.219771 1500.0
 11.23692 1500.0
 11.254069 1500.0
 11.271218 1500.0
 11.288368 1500.0
 11.305517 1500.0
 11.322666 1500.0
 11.339815 1500.0
 11.356964 1500.0
 11.374113 1500.0
 11.391262 1500.0
 11.408411 1500.0
 11.42556 1500.0
 11.442709 1500.0
 11.459858 1500.0
 11.477008 1500.0
 11.494157 1500.0
 11.511306 1500.0
 11.528455 1500.0
 11.545604 1500.0
 11.562753 1500.0
 11.579902 1500.0
 11.597051 1500.0
 11.6142 1500.0
 11.63135 1500.0
 11.648499 1500.0
 11.665648 1500.0
 11.682797 1500.0
 11.699946 1500.0
 11.717095 1500.0
 11.734244 1500.0
 11.751393 1500.0
 11.768542 1500.0
 11.785691 1500.0
 11.802841 1500.0
 11.81999 1500.0
 11.837139 1500.0
 11.854288 1500.0
 11.871437 1500.0
 11.888586 1500.0
 11.905735 1500.0
 11.922884 1500.0
 11.940033 1500.0
 11.957182 1500.0
 11.974332 1500.0
 11.991481 1500.0
 12.00863 1500.0
 12.025779 1500.0
 12.042928 1500.0
 12.060077 1500.0
 12.077226 1500.0
 12.094375 1500.0
 12.111524 1500.0
 12.128673 1500.0
 12.145823 1500.0
 12.162972 1500.0
 12.180121 1500.0
 12.19727 1500.0
 12.214419 1500.0
 12.231568 1500.0
 12.248717 1500.0
 12.265866 1500.0
 12.283015 1500.0
 12.300164 1500.0
 12.317314 1500.0
 12.334463 1500.0
 12.351612 1500.0
 12.368761 1500.0
 12.38591 1500.0
 12.403059 1500.0
 12.420208 1500.0
 12.437357 1500.0
 12.454506 1500.0
 12.471655 1500.0
 12.488805 1500.0
 12.505954 1500.0
 12.523103 1500.0
 12.540252 1500.0
 12.557401 1500.0
 12.57455 1500.0
 12.591699 1500.0
 12.608848 1500.0
 12.625997 1500.0
 12.643146 1500.0
 12.660296 1500.0
 12.677445 1500.0
 12.694594 1500.0
 12.711743 1500.0
 12.728892 1500.0
 12.746041 1500.0
 12.76319 1500.0
 12.780339 1500.0
 12.797488 1500.0
 12.814637 1500.0
 12.831787 1500.0
 12.848936 1500.0
 12.866085 1500.0
 12.883234 1500.0
 12.900383 1500.0
 12.917532 1500.0
 12.934681 1500.0
 12.95183 1500.0
 12.968979 1500.0
 12.986128 1500.0
 13.003277 1500.0
 13.020427 1500.0
 13.037576 1500.0
 13.054725 1500.0
 13.071874 1500.0
 13.089023 1500.0
 13.106172 1500.0
 13.123321 1500.0
 13.14047 1500.0
 13.157619 1500.0
 13.174768 1500.0
 13.191918 1500.0
 13.209067 1500.0
 13.226216 1500.0
 13.243365 1500.0
 13.260514 1500.0
 13.277663 1500.0
 13.294812 1500.0
 13.311961 1500.0
 13.32911 1500.0
 13.346259 1500.0
 13.363409 1500.0
 13.380558 1500.0
 13.397707 1500.0
 13.414856 1500.0
 13.432005 1500.0
 13.449154 1500.0
 13.466303 1500.0
 13.483452 1500.0
 13.500601 1500.0
 13.517751 1500.0
 13.5349 1500.0
 13.552049 1500.0
 13.569198 1500.0
 13.586347 1500.0
 13.603496 1500.0
 13.620645 1500.269734
 13.637794 1503.78186
 13.654943 1534.488396
 13.672092 1706.290193
 13.689242 2314.393327
 13.706391 3626.506546
 13.72354 5162.585366
 13.740689 5633.473759
 13.757838 4530.829119
 13.774987 2931.808706
 13.792136 1932.714176
 13.809285 1583.203896
 13.826434 1510.139407
 13.843583 1500.780976
 13.860733 1500.0
 13.877882 1500.0
 13.895031 1500.0
 13.91218 1500.0
 13.929329 1500.0
 13.946478 1500.0
 13.963627 1500.0
 13.980776 1500.0
 13.997925 1500.0
 14.015074 1500.0
 14.032224 1500.0
 14.049373 1500.0
 14.066522 1500.0
 14.083671 1500.0
 14.10082 1500.0
 14.117969 1500.0
 14.135118 1500.0
 14.152267 1500.0
 14.169416 1500.0
 14.186565 1500.0
 14.203715 1500.0
 14.220864 1500.0
 14.238013 1500.0
 14.255162 1500.0
 14.272311 1500.0
 14.28946 1500.0
 14.306609 1500.0
 14.323758 1500.0
 14.340907 1500.0
 14.358056 1500.0
 14.375206 1500.0
 14.392355 1500.0
 14.409504 1500.0
 14.426653 1500.0
 14.443802 1500.0
 14.460951 1500.0
 14.4781 1500.0
 14.495249 1500.0
 14.512398 1500.0
 14.529547 1500.0
 14.546696 1500.0
 14.563846 1500.0
 14.580995 1500.0
 14.598144 1500.0
 14.615293 1500.0
 14.632442 1500.0
 14.649591 1500.0
 14.66674 1500.0
 14.683889 1500.0
 14.701038 1500.0
 14.718187 1500.0
 14.735337 1500.0
 14.752486 1500.0
 14.769635 1500.0
 14.786784 1500.0
 14.803933 1500.0
 14.821082 1500.0
 14.838231 1500.0
 14.85538 1500.0
 14.872529 1500.0
 14.889678 1500.0
 14.906828 1500.0
 14.923977 1500.0
 14.941126 1500.0
 14.958275 1500.0
 14.975424 1500.0
 14.992573 1500.0
 15.009722 1500.0
 15.026871 1500.0
 15.04402 1500.0
 15.06117 1500.0
 15.078319 1500.0
 15.095468 1500.0
 15.112617 1500.0
 15.129766 1500.0
 15.146915 1500.0
 15.164064 1500.0
 15.181213 1500.0
 15.198362 1500.0
 15.215511 1500.0
 15.232661 1500.0
 15.24981 1500.0
 15.266959 1500.0
 15.284108 1500.0
 15.301257 1500.0
 15.318406 1500.0
 15.335555 1500.0
 15.352704 1500.0
 15.369853 1500.0
 15.387002 1500.0
 15.404152 1500.0
 15.421301 1500.0
 15.43845 1500.0
 15.455599 1500.0
 15.472748 1500.0
 15.489897 1500.0
 15.507046 1500.0
 15.524195 1500.0
 15.541344 1500.0
 15.558493 1500.0
 15.575643 1500.0
 15.592792 1500.0
 15.609941 1500.0
 15.62709 1500.0
 15.644239 1500.0
 15.661388 1500.0
 15.678537 1500.0
 15.695686 1500.0
 15.712835 1500.0
 15.729984 1500.0
 15.747134 1500.0
 15.764283 1500.0
 15.781432 1500.0
 15.798581 1500.0
 15.81573 1500.0
 15.832879 1500.0
 15.850028 1500.0
 15.867177 1500.0
 15.884326 1500.0
 15.901475 1500.0
 15.918625 1500.0
 15.935774 1500.0
 15.952923 1500.0
 15.970072 1500.0
 15.987221 1500.0
 16.00437 1500.0
 16.021519 1500.0
 16.038668 1500.0
 16.055817 1500.0
 16.072966 1500.0
 16.090116 1500.0
 16.107265 1500.0
 16.124414 1500.0
 16.141563 1500.0
 16.158712 1500.0
 16.175861 1500.0
 16.19301 1500.0
 16.210159 1500.0
 16.227308 1500.0
 16.244457 1500.0
 16.261606 1500.001522
 16.278756 1500.019439
 16.295905 1500.157547
 16.313054 1500.812687
 16.330203 1502.679645
 16.347352 1505.680947
 16.364501 1507.801667
 16.38165 1506.999148
 16.398799 1504.135114
 16.415948 1501.617889
 16.433097 1500.419778
 16.450247 1500.071984
 16.467396 1500.008102
 16.484545 1500.000593
 16.501694 1500.0
 16.518843 1500.0
 16.535992 1500.0
 16.553141 1500.0
 16.57029 1500.0
 16.587439 1500.0
 16.604589 1500.0
 16.621738 1500.0
 16.638887 1500.0
 16.656036 1500.0
 16.673185 1500.0
 16.690334 1500.0
 16.707483 1500.0
 16.724632 1500.0
 16.741781 1500.0
 16.75893 1500.0
 16.77608 1500.0
 16.793229 1500.0
 16.810378 1500.0
 16.827527 1500.0
 16.844676 1500.0
 16.861825 1500.0
 16.878974 1500.0
 16.896123 1500.0
 16.913272 1500.0
 16.930421 1500.0
 16.947571 1500.0
 16.96472 1500.0
 16.981869 1500.0
 16.999018 1500.0
 17.016167 1500.0
 17.033316 1500.0
 17.050465 1500.0
 17.067614 1500.0
 17.084763 1500.0
 17.101912 1500.0
 17.119062 1500.0
 17.136211 1500.0
 17.15336 1500.0
 17.170509 1500.0
 17.187658 1500.0
 17.204807 1500.0
 17.221956 1500.0
 17.239105 1500.0
 17.256254 1500.0
 17.273403 1500.0
 17.290553 1500.0
 17.307702 1500.0
 17.324851 1500.0
 17.342 1500.0
 17.359149 1500.0
 17.376298 1500.0
 17.393447 1500.0
 17.410596 1500.0
 17.427745 1500.0
 17.444894 1500.0
 17.462044 1500.0
 17.479193 1500.0
 17.496342 1500.0
 17.513491 1500.0
 17.53064 1500.0
 17.547789 1500.0
 17.564938 1500.0
 17.582087 1500.0
 17.599236 1500.0
 17.616385 1500.0
 17.633535 1500.0
 17.650684 1500.0
 17.667833 1500.0
 17.684982 1500.0
 17.702131 1500.0
 17.71928 1500.0
 17.736429 1500.0
 17.753578 1500.0
 17.770727 1500.0
 17.787876 1500.0
 17.805025 1500.0
 17.822175 1500.0
 17.839324 1500.711282
 17.856473 1508.950158
 17.873622 1571.519483
 17.890771 1863.763226
 17.90792 2681.590814
 17.925069 3962.711336
 17.942218 4814.199616
 17.959367 4401.973843
 17.976516 3167.05368
 17.993666 2132.860243
 18.010815 1659.453085
 18.027964 1526.660886
 18.045113 1502.944991
 18.062262 1500.213331
 18.079411 1500.0
 18.09656 1500.0
 18.113709 1500.0
 18.130858 1500.0
 18.148008 1500.0
 18.165157 1500.0
 18.182306 1500.0
 18.199455 1500.0
 18.216604 1500.0
 18.233753 1500.0
 18.250902 1500.0
 18.268051 1500.0
 18.2852 1500.0
 18.302349 1500.0
 18.319499 1500.0
 18.336648 1500.0
 18.353797 1500.0
 18.370946 1500.0
 18.388095 1500.0
 18.405244 1500.0
 18.422393 1500.0
 18.439542 1500.0
 18.456691 1500.0
 18.47384 1500.0
 18.49099 1500.0
 18.508139 1500.0
 18.525288 1500.0
 18.542437 1500.0
 18.559586 1500.0
 18.576735 1500.0
 18.593884 1500.0
 18.611033 1500.0
 18.628182 1500.0
 18.645331 1500.0
 18.662481 1500.0
 18.67963 1500.0
 18.696779 1500.0
 18.713928 1500.0
 18.731077 1500.0
 18.748226 1500.0
 18.765375 1500.0
 18.782524 1500.0
 18.799673 1500.0
 18.816822 1500.0
 18.833972 1500.0
 18.851121 1500.0
 18.86827 1500.0
 18.885419 1500.0
 18.902568 1500.0
 18.919717 1500.0
 18.936866 1500.0
 18.954015 1500.0
 18.971164 1500.0
 18.988313 1500.0
 19.005463 1500.0
 19.022612 1500.0
 19.039761 1500.0
 19.05691 1500.0
 19.074059 1500.0
 19.091208 1500.0
 19.108357 1500.0
 19.125506 1500.0
 19.142655 1500.0
 19.159804 1500.0
 19.176954 1500.0
 19.194103 1500.0
 19.211252 1500.0
 19.228401 1500.0
 19.24555 1500.0
 19.262699 1500.0
 19.279848 1500.0
 19.296997 1500.0
 19.314146 1500.0
 19.331295 1500.0
 19.348444 1500.0
 19.365594 1500.0
 19.382743 1500.0
 19.399892 1500.0
 19.417041 1500.0
 19.43419 1500.0
 19.451339 1500.0
 19.468488 1500.0
 19.485637 1500.0
 19.502786 1500.0
 19.519935 1500.0
 19.537085 1500.0
 19.554234 1500.0
 19.571383 1500.0
 19.588532 1500.0
 19.605681 1500.0
 19.62283 1500.0
 19.639979 1500.0
 19.657128 1500.0
 19.674277 1500.0
 19.691427 1500.0
 19.708576 1500.0
 19.725725 1500.0
 19.742874 1500.0
 19.760023 1500.0
 19.777172 1500.0
 19.794321 1500.0
 19.81147 1500.0
 19.828619 1500.0
 19.845768 1500.0
 19.862918 1500.0
 19.880067 1500.0
 19.897216 1500.0
 19.914365 1501.854147
 19.931514 1523.273817
 19.948663 1684.288801
 19.965812 2437.107642
 19.982961 4589.678544
 20.00011 8220.299746
 20.017259 11425.866176
 20.034409 11861.626628
 20.051558 9433.631042
 20.068707 5997.752086
 20.085856 3339.384459
 20.103005 2020.623737
 20.120154 1598.461729
 20.137303 1512.1628
 20.154452 1500.958508
 20.171601 1500.0
 20.18875 1500.0
 20.2059 1500.0
 20.223049 1500.0
 20.240198 1500.0
 20.257347 1500.0
 20.274496 1500.0
 20.291645 1500.0
 20.308794 1500.0
 20.325943 1500.0
 20.343092 1500.0
 20.360241 1500.0
 20.377391 1500.0
 20.39454 1500.0
 20.411689 1500.0
 20.428838 1500.0
 20.445987 1501.409254
 20.463136 1517.295146
 20.480285 1634.777134
 20.497434 2167.297144
 20.514583 3600.962222
 20.531732 5712.019532
 20.548882 6887.523162
 20.566031 5909.098435
 20.58318 3817.94462
 20.600329 2286.97371
 20.617478 1673.697822
 20.634627 1525.108154
 20.651776 1502.393652
 20.668925 1500.151247
 20.686074 1500.0
 20.703223 1500.0
 20.720373 1500.0
 20.737522 1500.0
 20.754671 1500.0
 20.77182 1500.0
 20.788969 1500.0
 20.806118 1500.0
 20.823267 1500.0
 20.840416 1500.0
 20.857565 1500.0
 20.874714 1500.0
 20.891863 1500.0
 20.909013 1500.0
 20.926162 1500.0
 20.943311 1500.0
 20.96046 1500.0
 20.977609 1500.0
 20.994758 1500.0
 21.011907 1500.0
 21.029056 1500.0
 21.046205 1500.0
 21.063354 1500.0
 21.080504 1500.0
 21.097653 1500.0
 21.114802 1500.0
 21.131951 1500.0
 21.1491 1500.0
 21.166249 1500.0
 21.183398 1500.0
 21.200547 1500.0
 21.217696 1500.0
 21.234845 1500.0
 21.251995 1500.0
 21.269144 1500.0
 21.286293 1500.0
 21.303442 1500.0
 21.320591 1500.0
 21.33774 1501.579155
 21.354889 1522.783602
 21.372038 1718.462613
 21.389187 2893.939254
 21.406336 7402.54402
 21.423486 17990.234511
 21.440635 31673.596678
 21.457784 37399.441224
 21.474933 29099.25916
 21.492082 15143.716887
 21.509231 5821.471086
 21.52638 2374.767777
 21.543529 1612.969488
 21.560678 1509.296697
 21.577827 1500.0
 21.594977 1500.0
 21.612126 1500.0
 21.629275 1500.0
 21.646424 1500.0
 21.663573 1500.0
 21.680722 1500.0
 21.697871 1500.0
 21.71502 1500.0
 21.732169 1500.0
 21.749319 1500.0
 21.766468 1500.0
 21.783617 1500.0
 21.800766 1500.0
 21.817915 1500.0
 21.835064 1500.0
 21.852213 1500.0
 21.869362 1500.0
 21.886511 1500.0
 21.90366 1500.0
 21.92081 1500.0
 21.937959 1500.0
 21.955108 1502.880953
 21.972257 1537.34526
 21.989406 1817.084494
 22.006555 3278.309491
 22.023704 8135.398309
 22.040853 18037.99389
 22.058002 29016.450795
 22.075151 31911.328071
 22.092301 23654.509525
 22.10945 12049.198655
 22.126599 4758.422167
 22.143748 2148.902973
 22.160897 1582.942149
 22.178046 1506.782868
 22.195195 1500.0
 22.212344 1500.0
 22.229493 1500.0
 22.246642 1500.0
 22.263792 1500.0
 22.280941 1500.0
 22.29809 1500.0
 22.315239 1500.0
 22.332388 1500.0
 22.349537 1500.0
 22.366686 1500.0
 22.383835 1500.0
 22.400984 1500.0
 22.418133 1500.0
 22.435283 1500.0
 22.452432 1500.0
 22.469581 1500.0
 22.48673 1500.0
 22.503879 1500.0
 22.521028 1500.0
 22.538177 1500.0
 22.555326 1500.0
 22.572475 1500.0
 22.589624 1500.0
 22.606773 1500.0
 22.623923 1500.0
 22.641072 1500.0
 22.658221 1500.0
 22.67537 1500.0
 22.692519 1500.0
 22.709668 1500.0
 22.726817 1500.0
 22.743966 1500.0
 22.761115 1500.0
 22.778264 1500.0
 22.795414 1500.0
 22.812563 1500.0
 22.829712 1500.0
 22.846861 1500.0
 22.86401 1500.0
 22.881159 1500.0
 22.898308 1500.0
 22.915457 1500.0
 22.932606 1500.0
 22.949755 1500.0
 22.966905 1500.0
 22.984054 1500.0
 23.001203 1500.0
 23.018352 1500.0
 23.035501 1501.140068
 23.05265 1513.697249
 23.069799 1605.458905
 23.086948 2021.608108
 23.104097 3163.199881
 23.121246 4935.519639
 23.138396 6126.261152
 23.155545 5591.829176
 23.172694 3895.729465
 23.189843 2434.557913
 23.206992 1743.716873
 23.224141 1542.452787
 23.24129 1504.91576
 23.258439 1500.375666
 23.275588 1500.0
 23.292738 1500.0
 23.309887 1500.0
 23.327036 1500.0
 23.344185 1500.0
 23.361334 1500.0
 23.378483 1500.0
 23.395632 1500.0
 23.412781 1500.0
 23.42993 1500.0
 23.447079 1500.0
 23.464229 1500.0
 23.481378 1500.0
 23.498527 1500.0
 23.515676 1500.0
 23.532825 1500.0
 23.549974 1500.0
 23.567123 1500.0
 23.584272 1500.0
 23.601421 1500.0
 23.61857 1500.0
 23.63572 1500.0
 23.652869 1500.0
 23.670018 1500.0
 23.687167 1500.0
 23.704316 1500.221357
 23.721465 1503.935826
 23.738614 1544.665823
 23.755763 1824.904738
 23.772912 3017.270962
 23.790061 6049.612473
 23.807211 10255.469031
 23.82436 12305.916736
 23.841509 10046.634813
 23.858658 5829.022011
 23.875807 2903.481845
 23.892956 1791.1114
 23.910105 1538.619403
 23.927254 1503.275981
 23.944403 1500.0
 23.961552 1500.0
 23.978702 1500.0
 23.995851 1500.0
 24.013 1500.0
 24.030149 1500.0
 24.047298 1500.0
 24.064447 1500.0
 24.081596 1500.0
 24.098745 1500.0
 24.115894 1500.0
 24.133043 1500.0
 24.150192 1500.853272
 24.167342 1510.144079
 24.184491 1576.209839
 24.20164 1864.051597
 24.218789 2609.231645
 24.235938 3658.98251
 24.253087 4186.19825
 24.270236 3636.955029
 24.287385 2587.015333
 24.304534 1853.535991
 24.321683 1573.510712
 24.338833 1509.77119
 24.355982 1500.830213
 24.373131 1500.0
 24.39028 1500.0
 24.407429 1500.0
 24.424578 1500.0
 24.441727 1500.0
 24.458876 1500.0
 24.476025 1500.0
 24.493174 1500.0
 24.510324 1500.0
 24.527473 1500.0
 24.544622 1500.0
 24.561771 1500.0
 24.57892 1500.0
 24.596069 1500.0
 24.613218 1500.0
 24.630367 1500.0
 24.647516 1500.0
 24.664665 1500.0
 24.681815 1500.0
 24.698964 1500.0
 24.716113 1500.0
 24.733262 1500.0
 24.750411 1500.0
 24.76756 1500.0
 24.784709 1500.0
 24.801858 1500.0
 24.819007 1500.0
 24.836157 1500.0
 24.853306 1500.0
 24.870455 1500.0
 24.887604 1500.0
 24.904753 1500.0
 24.921902 1500.0
 24.939051 1500.0
 24.9562 1500.0
 24.973349 1500.0
 24.990498 1500.0
 25.007648 1500.0
 25.024797 1500.0
 25.041946 1500.0
 25.059095 1500.0
 25.076244 1500.0
 25.093393 1500.0
 25.110542 1500.0
 25.127691 1500.0
 25.14484 1500.0
 25.161989 1500.0
 25.179139 1500.0
 25.196288 1500.0
 25.213437 1500.0
 25.230586 1500.0
 25.247735 1500.0
 25.264884 1500.0
 25.282033 1500.0
 25.299182 1500.0
 25.316331 1500.0
 25.33348 1500.0
 25.35063 1500.0
 25.367779 1500.0
 25.384928 1500.0
 25.402077 1500.0
 25.419226 1500.0
 25.436375 1500.0
 25.453524 1500.0
 25.470673 1500.0
 25.487822 1500.0
 25.504971 1500.0
 25.522121 1500.0
 25.53927 1506.42121
 25.556419 1574.731839
 25.573568 2058.646437
 25.590717 4185.445336
 25.607866 9815.493591
 25.625015 18127.563415
 25.642164 23045.236803
 25.659313 19675.913534
 25.676462 11542.677685
 25.693611 5159.337347
 25.710761 2385.461232
 25.72791 1643.078718
 25.745059 1515.481007
 25.762208 1501.12049
 25.779357 1500.0
 25.796506 1500.0
 25.813655 1500.0
 25.830804 1500.0
 25.847953 1500.0
 25.865102 1500.0
 25.882252 1500.0
 25.899401 1500.0
 25.91655 1500.0
 25.933699 1500.0
 25.950848 1500.0
 25.967997 1500.0
 25.985146 1500.0
 26.002295 1500.0
 26.019444 1500.0
 26.036593 1500.0
 26.053743 1502.537286
 26.070892 1530.249212
 26.088041 1735.30516
 26.10519 2701.88106
 26.122339 5560.65981
 26.139488 10642.493454
 26.156637 15299.038681
 26.173786 15501.178356
 26.190935 11038.197892
 26.208084 5841.38391
 26.225234 2810.942146
 26.242383 1760.651574
 26.259532 1533.893168
 26.276681 1502.866557
 26.29383 1500.0
 26.310979 1500.0
 26.328128 1500.0
 26.345277 1500.0
 26.362426 1500.0
 26.379576 1500.0
 26.396725 1500.759303
 26.413874 1508.800185
 26.431023 1565.80342
 26.448172 1818.238934
 26.465321 2498.910723
 26.48247 3544.780506
 26.499619 4246.5507
 26.516768 3938.344332
 26.533917 2941.44568
 26.551067 2070.89262
 26.568216 1651.957042
 26.585365 1527.159396
 26.602514 1503.244624
 26.619663 1500.257311
 26.636812 1500.0
 26.653961 1500.0
 26.67111 1500.0
 26.688259 1500.0
 26.705408 1500.0
 26.722558 1500.0
 26.739707 1500.0
 26.756856 1500.0
 26.774005 1500.0
 26.791154 1500.0
 26.808303 1500.598008
 26.825452 1506.886395
 26.842601 1551.033027
 26.85975 1743.688052
 26.876899 2251.197995
 26.894049 2998.976936
 26.911198 3443.679426
 26.928347 3146.241699
 26.945496 2416.722352
 26.962645 1838.134507
 26.979794 1583.215839
 26.996943 1513.739154
 27.014092 1501.524931
 27.031241 1500.113555
 27.04839 1500.0
 27.06554 1500.0
 27.082689 1500.0
 27.099838 1500.0
 27.116987 1500.0
 27.134136 1500.0
 27.151285 1500.0
 27.168434 1500.0
 27.185583 1500.0
 27.202732 1500.0
 27.219881 1500.0
 27.23703 1500.0
 27.25418 1500.0
 27.271329 1500.0
 27.288478 1500.0
 27.305627 1500.0
 27.322776 1500.0
 27.339925 1500.0
 27.357074 1500.0
 27.374223 1500.0
 27.391372 1500.0
 27.408521 1500.0
 27.425671 1500.0
 27.44282 1500.0
 27.459969 1500.0
 27.477118 1500.0
 27.494267 1500.0
 27.511416 1500.0
 27.528565 1500.0
 27.545714 1500.0
 27.562863 1501.067054
 27.580012 1512.614913
 27.597162 1597.808483
 27.614311 2000.771761
 27.63146 3205.920048
 27.648609 5393.853234
 27.665758 7483.689376
 27.682907 7697.071385
 27.700056 5812.526771
 27.717205 3504.309997
 27.734354 2117.501462
 27.751503 1625.189524
 27.768653 1516.597378
 27.785802 1501.431985
 27.802951 1500.0
 27.8201 1500.0
 27.837249 1500.0
 27.854398 1500.0
 27.871547 1500.0
 27.888696 1500.0
 27.905845 1500.0
 27.922995 1500.0
 27.940144 1500.0
 27.957293 1500.0
 27.974442 1500.0
 27.991591 1500.0
 28.00874 1500.0
 28.025889 1500.0
 28.043038 1500.0
 28.060187 1500.0
 28.077336 1500.0
 28.094486 1500.0
 28.111635 1500.0
 28.128784 1500.0
 28.145933 1500.0
 28.163082 1500.0
 28.180231 1500.0
 28.19738 1500.0
 28.214529 1500.0
 28.231678 1500.0
 28.248827 1500.0
 28.265977 1500.0
 28.283126 1500.0
 28.300275 1500.0
 28.317424 1500.0
 28.334573 1500.0
 28.351722 1500.0
 28.368871 1500.0
 28.38602 1500.0
 28.403169 1500.0
 28.420318 1500.0
 28.437468 1500.0
 28.454617 1500.0
 28.471766 1500.0
 28.488915 1500.0
 28.506064 1500.0
 28.523213 1500.0
 28.540362 1500.0
 28.557511 1500.0
 28.57466 1500.0
 28.591809 1500.0
 28.608959 1500.0
 28.626108 1500.0
 28.643257 1500.0
 28.660406 1500.0
 28.677555 1500.0
 28.694704 1500.0
 28.711853 1500.0
 28.729002 1500.577732
 28.746151 1506.794446
 28.7633 1552.697994
 28.78045 1771.492276
 28.797599 2435.898681
 28.814748 3671.811139
 28.831897 4903.063682
 28.849046 5097.509778
 28.866195 4054.259246
 28.883344 2709.800713
 28.900493 1879.42937
 28.917642 1578.265564
 28.934791 1510.559076
 28.95194 1500.92784
 28.96909 1500.0
 28.986239 1500.0
 29.003388 1500.0
 29.020537 1500.0
 29.037686 1500.0
 29.054835 1500.0
 29.071984 1500.0
 29.089133 1500.0
 29.106282 1500.0
 29.123431 1500.0
 29.140581 1500.0
 29.15773 1500.0
 29.174879 1500.0
 29.192028 1500.0
 29.209177 1500.0
 29.226326 1500.0
 29.243475 1500.0
 29.260624 1500.0
 29.277773 1500.0
 29.294922 1500.0
 29.312072 1500.0
 29.329221 1500.0
 29.34637 1500.0
 29.363519 1500.0
 29.380668 1500.0
 29.397817 1500.0
 29.414966 1500.0
 29.432115 1500.0
 29.449264 1500.0
 29.466414 1500.0
 29.483563 1500.0
 29.500712 1500.0
 29.517861 1500.0
 29.53501 1500.0
 29.552159 1500.0
 29.569308 1500.0
 29.586457 1500.0
 29.603606 1500.0
 29.620755 1500.0
 29.637905 1500.0
 29.655054 1500.0
 29.672203 1500.0
 29.689352 1500.0
 29.706501 1500.0
 29.72365 1500.0
 29.740799 1500.0
 29.757948 1500.0
 29.775097 1500.046329
 29.792246 1500.513151
 29.809396 1503.686603
 29.826545 1517.202921
 29.843694 1552.246408
 29.860843 1603.572258
 29.877992 1634.55008
 29.895141 1615.139316
 29.91229 1565.310809
 29.929439 1527.777827
 29.946588 1540.279608
 29.963737 1747.226375
 29.980887 2662.452554
 29.998036 5092.714735
 30.015185 8805.713849
 30.032334 11335.518141
 30.049483 10329.749877
 30.066632 6823.199638
 30.083781 3666.663928
 30.10093 2096.669894
 30.118079 1610.978786
 30.135228 1513.870858
 30.152378 1501.156933
 30.169527 1500.0
 30.186676 1500.0
 30.203825 1500.0
 30.220974 1500.0
 30.238123 1500.0
 30.255272 1500.0
 30.272421 1500.0
 30.28957 1500.0
 30.306719 1500.0
 30.323869 1500.0
 30.341018 1500.0
 30.358167 1500.0
 30.375316 1500.0
 30.392465 1500.0
 30.409614 1500.0
 30.426763 1500.0
 30.443912 1500.0
 30.461061 1500.0
 30.47821 1500.0
 30.495359 1500.0
 30.512509 1500.0
 30.529658 1500.0
 30.546807 1500.0
 30.563956 1500.0
 30.581105 1500.0
 30.598254 1500.0
 30.615403 1500.0
 30.632552 1500.0
 30.649701 1500.0
 30.66685 1500.0
 30.684 1500.0
 30.701149 1500.0
 30.718298 1500.0
 30.735447 1500.0
 30.752596 1500.0
 30.769745 1500.0
 30.786894 1500.0
 30.804043 1500.0
 30.821192 1500.0
 30.838341 1500.0
 30.855491 1500.0
 30.87264 1500.0
 30.889789 1500.0
 30.906938 1500.0
 30.924087 1504.200547
 30.941236 1548.306657
 30.958385 1868.788715
 30.975534 3382.294107
 30.992683 7967.287905
 31.009832 16535.984208
 31.026982 25203.307437
 31.044131 26796.437325
 31.06128 19716.321992
 31.078429 10449.503199
 31.095578 5018.135527
 31.112727 3774.078162
 31.129876 4227.565821
 31.147025 4319.771799
 31.164174 3514.693587
 31.181324 2466.232005
 31.198473 1808.017616
 31.215622 1564.845136
 31.232771 1508.968197
 31.24992 1500.811589
 31.267069 1500.0
 31.284218 1500.0
 31.301367 1500.0
 31.318516 1500.0
 31.335665 1500.0
 31.352815 1500.0
 31.369964 1501.393719
 31.387113 1515.272177
 31.404262 1609.159597
 31.421411 2010.333269
 31.43856 3066.581355
 31.455709 4673.97077
 31.472858 5771.78141
 31.490007 5347.146851
 31.507156 3834.81384
 31.524306 2459.871304
 31.541455 1767.815363
 31.558604 1550.608271
 31.575753 1506.442432
 31.592902 1500.548579
 31.610051 1500.0
 31.6272 1500.0
 31.644349 1500.0
 31.661498 1500.0
 31.678647 1500.0
 31.695797 1500.0
 31.712946 1500.0
 31.730095 1500.0
 31.747244 1500.0
 31.764393 1500.0
 31.781542 1500.0
 31.798691 1500.0
 31.81584 1500.0
 31.832989 1500.0
 31.850138 1500.0
 31.867288 1500.0
 31.884437 1500.0
 31.901586 1500.0
 31.918735 1500.0
 31.935884 1500.0
 31.953033 1500.0
 31.970182 1500.0
 31.987331 1500.0
 32.00448 1500.0
 32.021629 1500.0
 32.038778 1500.0
 32.055928 1500.0
 32.073077 1500.0
 32.090226 1500.0
 32.107375 1500.0
 32.124524 1500.0
 32.141673 1500.0
 32.158822 1500.0
 32.175971 1500.0
 32.19312 1500.0
 32.21027 1500.0
 32.227419 1500.0
 32.244568 1500.0
 32.261717 1500.0
 32.278866 1500.0
 32.296015 1500.0
 32.313164 1500.0
 32.330313 1500.0
 32.347462 1500.0
 32.364611 1500.0
 32.38176 1500.0
 32.39891 1500.0
 32.416059 1500.0
 32.433208 1500.0
 32.450357 1500.0
 32.467506 1500.0
 32.484655 1500.0
 32.501804 1500.0
 32.518953 1500.0
 32.536102 1500.0
 32.553252 1500.0
 32.570401 1500.0
 32.58755 1500.0
 32.604699 1500.0
 32.621848 1500.0
 32.638997 1500.0
 32.656146 1500.645713
 32.673295 1506.915273
 32.690444 1548.479731
 32.707593 1723.007659
 32.724743 2175.345513
 32.741892 2852.423955
 32.759041 3301.080127
 32.77619 3105.609658
 32.793339 2464.608262
 32.810488 1892.726827
 32.827637 1608.685341
 32.844786 1520.43615
 32.861935 1502.600974
 32.879084 1500.222727
 32.896234 1500.0
 32.913383 1500.0
 32.930532 1500.0
 32.947681 1500.0
 32.96483 1500.156224
 32.981979 1502.450024
 32.999128 1525.188382
 33.016277 1669.664977
 33.033426 2248.085075
 33.050575 3657.011465
 33.067725 5563.554768
 33.084874 6497.829003
 33.102023 5510.63252
 33.119172 3598.916238
 33.136321 2216.099257
 33.15347 1659.232877
 33.170619 1523.07227
 33.187768 1502.178141
 33.204917 1500.0
 33.222066 1500.0
 33.239216 1500.0
 33.256365 1500.0
 33.273514 1500.0
 33.290663 1500.0
 33.307812 1500.0
 33.324961 1500.0
 33.34211 1500.0
 33.359259 1500.0
 33.376408 1500.0
 33.393557 1500.0
 33.410707 1500.0
 33.427856 1500.0
 33.445005 1500.0
 33.462154 1500.0
 33.479303 1500.0
 33.496452 1500.0
 33.513601 1500.0
 33.53075 1500.0
 33.547899 1500.0
 33.565048 1501.2049
 33.582197 1512.885859
 33.599347 1590.861613
 33.616496 1924.211702
 33.633645 2818.495196
 33.650794 4246.218687
 33.667943 5363.421412
 33.685092 5233.772573
 33.702241 4248.435793
 33.71939 4099.285339
 33.736539 6179.448576
 33.753689 9674.974378
 33.770838 11404.281809
 33.787987 9411.499055
 33.805136 5639.286126
 33.822285 2916.570123
 33.839434 1816.89402
 33.856583 1546.321537
 33.873732 1504.423077
 33.890881 1500.0
 33.90803 1500.0
 33.925179 1500.0
 33.942329 1500.0
 33.959478 1500.0
 33.976627 1500.0
 33.993776 1500.0
 34.010925 1500.0
 34.028074 1500.0
 34.045223 1500.0
 34.062372 1500.0
 34.079521 1500.0
 34.096671 1500.0
 34.11382 1500.0
 34.130969 1500.0
 34.148118 1500.0
 34.165267 1500.0
 34.182416 1500.0
 34.199565 1500.0
 34.216714 1500.0
 34.233863 1500.0
 34.251012 1500.0
 34.268162 1500.0
 34.285311 1500.0
 34.30246 1500.0
 34.319609 1500.0
 34.336758 1500.0
 34.353907 1500.0
 34.371056 1500.0
 34.388205 1500.0
 34.405354 1500.0
 34.422503 1500.0
 34.439653 1500.0
 34.456802 1500.0
 34.473951 1500.0
 34.4911 1500.0
 34.508249 1500.0
 34.525398 1500.0
 34.542547 1500.0
 34.559696 1500.0
 34.576845 1500.0
 34.593994 1500.0
 34.611144 1500.0
 34.628293 1500.0
 34.645442 1500.0
 34.662591 1500.0
 34.67974 1500.002008
 34.696889 1500.951395
 34.714038 1510.467032
 34.731187 1577.710638
 34.748336 1891.506228
 34.765485 2844.804115
 34.782635 4657.26158
 34.799784 6562.477067
 34.816933 7022.385356
 34.834082 5573.7833
 34.851231 3518.626949
 34.86838 2167.654673
 34.885529 1646.614216
 34.902678 1521.287912
 34.919827 1502.037484
 34.936976 1500.0
 34.954126 1500.0
 34.971275 1500.0
 34.988424 1500.0
 35.005573 1500.0
 35.022722 1500.0
 35.039871 1500.0
 35.05702 1500.0
 35.074169 1500.018584
 35.091318 1500.193852
 35.108467 1501.333064
 35.125617 1506.062403
 35.142766 1518.310693
 35.159915 1536.933505
 35.177064 1550.076445
 35.194213 1545.95588
 35.211362 1528.718512
 35.228511 1512.265636
 35.24566 1503.581154
 35.262809 1500.712411
 35.279958 1500.096003
 35.297108 1500.008704
 35.314257 1500.0
 35.331406 1500.0
 35.348555 1500.0
 35.365704 1500.0
 35.382853 1500.0
 35.400002 1500.0
 35.417151 1500.0
 35.4343 1500.0
 35.451449 1500.0
 35.468598 1500.0
 35.485748 1500.0
 35.502897 1500.0
 35.520046 1500.0
 35.537195 1500.0
 35.554344 1500.0
 35.571493 1500.0
 35.588642 1505.773251
 35.605791 1558.922687
 35.62294 1895.534086
 35.64009 3248.074694
 35.657239 6593.742625
 35.674388 11306.194694
 35.691537 14007.556359
 35.708686 12109.130871
 35.725835 7512.841989
 35.742984 3789.744207
 35.760133 2089.30846
 35.777282 1603.040827
 35.794431 1512.282118
 35.811581 1500.998732
 35.82873 1500.0
 35.845879 1500.0
 35.863028 1500.0
 35.880177 1500.0
 35.897326 1500.0
 35.914475 1500.0
 35.931624 1500.0
 35.948773 1500.0
 35.965922 1500.0
 35.983072 1500.0
 36.000221 1500.0
 36.01737 1500.0
 36.034519 1500.0
 36.051668 1500.0
 36.068817 1500.0
 36.085966 1500.0
 36.103115 1500.0
 36.120264 1500.0
 36.137413 1500.0
 36.154563 1500.0
 36.171712 1500.0
 36.188861 1500.0
 36.20601 1500.0
 36.223159 1500.0
 36.240308 1500.876184
 36.257457 1509.101837
 36.274606 1563.123876
 36.291755 1793.806758
 36.308904 2423.3667
 36.326054 3471.743388
 36.343203 4376.109528
 36.360352 4374.7278
 36.377501 3468.977578
 36.39465 2421.314915
 36.411799 1792.954214
 36.428948 1562.907081
 36.446097 1509.06694
 36.463246 1500.87257
 36.480395 1500.0
 36.497545 1500.0
 36.514694 1500.0
 36.531843 1500.0
 36.548992 1500.0
 36.566141 1500.734752
 36.58329 1507.40358
 36.600439 1549.238667
 36.617588 1716.439612
 36.634737 2130.072381
 36.651886 2718.033921
 36.669036 3069.444104
 36.686185 2854.254369
 36.703334 2286.983232
 36.720483 1809.858826
 36.737632 1583.118288
 36.754781 1515.248485
 36.77193 1501.91531
 36.789079 1500.164399
 36.806228 1500.0
 36.823377 1500.0
 36.840527 1500.0
 36.857676 1500.0
 36.874825 1500.0
 36.891974 1500.0
 36.909123 1500.0
 36.926272 1500.0
 36.943421 1500.0
 36.96057 1500.0
 36.977719 1500.0
 36.994868 1500.0
 37.012018 1500.0
 37.029167 1500.0
 37.046316 1500.0
 37.063465 1500.0
 37.080614 1500.007766
 37.097763 1500.077344
 37.114912 1500.509713
 37.132061 1502.225963
 37.14921 1506.454296
 37.166359 1512.458787
 37.183509 1516.066782
 37.200658 1513.903793
 37.217807 1508.116037
 37.234956 1503.213241
 37.252105 1500.867126
 37.269254 1500.160042
 37.286403 1500.020222
 37.303552 1500.001746
 37.320701 1500.0
 37.33785 1500.0
 37.355 1500.0
 37.372149 1500.0
 37.389298 1500.0
 37.406447 1500.42458
 37.423596 1504.274769
 37.440745 1528.632918
 37.457894 1628.128024
 37.475043 1884.892786
 37.492192 2282.486642
 37.509341 2590.675397
 37.526491 2568.029977
 37.54364 2270.790343
 37.560789 1943.203374
 37.577938 1717.521035
 37.595087 1589.894784
 37.612236 1528.798181
 37.629385 1506.634803
 37.646534 1501.040923
 37.663683 1500.113673
 37.680832 1500.008353
 37.697982 1500.0
 37.715131 1500.0
 37.73228 1500.0
 37.749429 1500.0
 37.766578 1500.0
 37.783727 1500.0
 37.800876 1500.0
 37.818025 1500.0
 37.835174 1500.0
 37.852323 1500.0
 37.869473 1500.0
 37.886622 1500.0
 37.903771 1500.0
 37.92092 1500.0
 37.938069 1502.323325
 37.955218 1523.163216
 37.972367 1653.170142
 37.989516 2173.459847
 38.006665 3475.617405
 38.023814 5384.446065
 38.040964 6648.321605
 38.058113 6129.51694
 38.075262 4342.81428
 38.092411 2698.233856
 38.10956 1847.536247
 38.126709 1570.587728
 38.143858 1522.074471
 38.161007 1582.892637
 38.178156 1854.586819
 38.195305 2521.340767
 38.212455 3465.17093
 38.229604 4034.818208
 38.246753 3701.510839
 38.263902 2793.994027
 38.281051 2017.463631
 38.2982 1641.448074
 38.315349 1526.511086
 38.332498 1503.409469
 38.349647 1500.300311
 38.366796 1500.0
 38.383946 1500.0
 38.401095 1500.0
 38.418244 1500.0
 38.435393 1500.0
 38.452542 1500.0
 38.469691 1500.0
 38.48684 1500.0
 38.503989 1500.0
 38.521138 1500.0
 38.538287 1500.0
 38.555437 1500.47905
 38.572586 1504.917892
 38.589735 1534.804553
 38.606884 1667.664291
 38.624033 2062.66716
 38.641182 2836.498594
 38.658331 3781.877688
 38.67548 4331.575568
 38.692629 4061.8751
 38.709778 3181.026309
 38.726928 2291.303296
 38.744077 1763.98732
 38.761226 1561.784267
 38.778375 1510.073815
 38.795524 1501.088558
 38.812673 1500.086884
 38.829822 1500.0
 38.846971 1500.0
 38.86412 1500.0
 38.881269 1500.0
 38.898419 1500.0
 38.915568 1500.0
 38.932717 1500.0
 38.949866 1500.0
 38.967015 1500.0
 38.984164 1500.0
 39.001313 1500.0
 39.018462 1500.0
 39.035611 1500.0
 39.05276 1500.0
 39.06991 1500.0
 39.087059 1500.0
 39.104208 1500.0
 39.121357 1500.0
 39.138506 1500.254439
 39.155655 1502.541314
 39.172804 1517.032711
 39.189953 1577.007905
 39.207102 1736.32704
 39.224251 1995.534995
 39.241401 2214.073626
 39.25855 2209.767926
 39.275699 1986.864721
 39.292848 1729.818034
 39.309997 1574.254666
 39.327146 1516.315775
 39.344295 1502.422443
 39.361444 1500.241685
 39.378593 1500.0
 39.395742 1500.0
 39.412892 1500.0
 39.430041 1500.0
 39.44719 1500.0
 39.464339 1500.0
 39.481488 1500.0
 39.498637 1500.0
 39.515786 1500.0
 39.532935 1500.0
 39.550084 1500.0
 39.567233 1500.0
 39.584383 1500.0
 39.601532 1500.0
 39.618681 1500.0
 39.63583 1500.0
 39.652979 1500.0
 39.670128 1500.0
 39.687277 1500.0
 39.704426 1500.0
 39.721575 1500.0
 39.738724 1500.0
 39.755874 1500.0
 39.773023 1500.0
 39.790172 1500.0
 39.807321 1500.0
 39.82447 1500.0
 39.841619 1500.0
 39.858768 1500.0
 39.875917 1500.0
 39.893066 1500.0
 39.910215 1500.0
 39.927365 1500.0
 39.944514 1500.0
 39.961663 1500.0
 39.978812 1500.0
 39.995961 1500.0
 40.01311 1500.0
 40.030259 1500.0
 40.047408 1500.0
 40.064557 1500.0
 40.081706 1500.0
 40.098856 1500.0
 40.116005 1500.0
 40.133154 1500.0
 40.150303 1500.0
 40.167452 1500.0
 40.184601 1500.0
 40.20175 1500.000016
 40.218899 1500.00017
 40.236048 1500.001228
 40.253197 1500.00612
 40.270347 1500.021088
 40.287496 1500.050185
 40.304645 1500.082214
 40.321794 1500.092239
 40.338943 1500.129399
 40.356092 1500.76022
 40.373241 1506.107951
 40.39039 1537.809423
 40.407539 1663.224478
 40.424688 2028.722712
 40.441838 2851.753129
 40.458987 4280.694029
 40.476136 5957.826525
 40.493285 6783.520683
 40.510434 5950.838795
 40.527583 4113.555712
 40.544732 2562.945182
 40.561881 1799.222525
 40.57903 1559.609541
 40.596179 1520.362105
 40.613329 1579.576433
 40.630478 1831.587179
 40.647627 2431.063766
 40.664776 3252.03821
 40.681925 3731.400827
 40.699074 3484.850425
 40.716223 2863.519371
 40.733372 2410.440544
 40.750521 2201.337805
 40.76767 2034.027886
 40.78482 1827.872725
 40.801969 1648.007523
 40.819118 1547.263963
 40.836267 1510.460489
 40.853416 1501.581571
 40.870565 1500.153537
 40.887714 1500.0
 40.904863 1500.0
 40.922012 1500.0
 40.939161 1500.0
 40.956311 1500.0
 40.97346 1500.0
 40.990609 1500.0
 41.007758 1500.0
 41.024907 1500.0
 41.042056 1500.0
 41.059205 1500.0
 41.076354 1500.0
 41.093503 1500.0
 41.110652 1500.0
 41.127802 1500.0
 41.144951 1500.0
 41.1621 1500.0
 41.179249 1500.0
 41.196398 1500.0
 41.213547 1500.0
 41.230696 1500.0
 41.247845 1500.0
 41.264994 1500.0
 41.282143 1500.0
 41.299293 1500.0
 41.316442 1500.0
 41.333591 1500.0
 41.35074 1500.0
 41.367889 1500.0
 41.385038 1500.0
 41.402187 1500.0
 41.419336 1500.0
 41.436485 1500.0
 41.453634 1500.0
 41.470784 1500.0
 41.487933 1500.0
 41.505082 1500.0
 41.522231 1500.0
 41.53938 1500.0
 41.556529 1500.0
 41.573678 1500.0
 41.590827 1500.0
 41.607976 1500.0
 41.625125 1500.0
 41.642275 1500.0
 41.659424 1500.0
 41.676573 1500.0
 41.693722 1500.004468
 41.710871 1500.04171
 41.72802 1500.261475
 41.745169 1501.103265
 41.762318 1503.142926
 41.779467 1506.069279
 41.796616 1507.984171
 41.813766 1507.194953
 41.830915 1504.466211
 41.848064 1501.918383
 41.865213 1500.571604
 41.882362 1500.118118
 41.899511 1500.016879
 41.91666 1500.00166
 41.933809 1500.591602
 41.950958 1505.839409
 41.968107 1539.468383
 41.985257 1683.750029
 42.002406 2092.227164
 42.019555 2825.395385
 42.036704 3560.083264
 42.053853 3717.891144
 42.071002 3145.939917
 42.088151 2337.08834
 42.1053 1790.065002
 42.122449 1568.136171
 42.139598 1510.80529
 42.156748 1501.153226
 42.173897 1500.0
 42.191046 1500.0
 42.208195 1500.0
 42.225344 1500.0
 42.242493 1500.0
 42.259642 1500.0
 42.276791 1500.0
 42.29394 1500.0
 42.311089 1500.0
 42.328239 1500.0
 42.345388 1500.0
 42.362537 1500.0
 42.379686 1500.0
 42.396835 1500.0
 42.413984 1500.0
 42.431133 1500.0
 42.448282 1500.0
 42.465431 1500.0
 42.48258 1500.0
 42.49973 1500.0
 42.516879 1501.497264
 42.534028 1513.720314
 42.551177 1584.59189
 42.568326 1851.532318
 42.585475 2487.029608
 42.602624 3378.552167
 42.619773 3933.42284
 42.636922 3655.855245
 42.654071 2813.141273
 42.671221 2052.649347
 42.68837 1661.372621
 42.705519 1533.322203
 42.722668 1508.688881
 42.739817 1519.243596
 42.756966 1560.161561
 42.774115 1636.023321
 42.791264 1725.007131
 42.808413 1797.393103
 42.825562 1861.921107
 42.842712 1926.962723
 42.859861 1931.5828
 42.87701 1826.049705
 42.894159 1672.086964
 42.911308 1561.881588
 42.928457 1515.01667
 42.945606 1502.454166
 42.962755 1500.269342
 42.979904 1500.0
 42.997053 1500.0
 43.014203 1500.0
 43.031352 1502.361607
 43.048501 1521.537814
 43.06565 1632.039806
 43.082799 2044.951097
 43.099948 3017.258049
 43.117097 4357.883828
 43.134246 5155.485828
 43.151395 4690.146062
 43.168544 3409.976967
 43.185694 2289.022706
 43.202843 1726.04338
 43.219992 1545.056606
 43.237141 1506.252695
 43.25429 1500.602798
 43.271439 1500.0
 43.288588 1500.0
 43.305737 1500.0
 43.322886 1500.0
 43.340035 1500.0
 43.357185 1500.0
 43.374334 1500.0
 43.391483 1500.0
 43.408632 1500.0
 43.425781 1500.0
 43.44293 1500.0
 43.460079 1500.0
 43.477228 1500.0
 43.494377 1500.0
 43.511526 1500.0
 43.528676 1500.0
 43.545825 1500.0
 43.562974 1500.0
 43.580123 1500.0
 43.597272 1500.003883
 43.614421 1500.03897
 43.63157 1500.271333
 43.648719 1501.315135
 43.665868 1504.442611
 43.683017 1510.533983
 43.700167 1517.836324
 43.717316 1524.099294
 43.734465 1535.285965
 43.751614 1565.590791
 43.768763 1614.136345
 43.785912 1648.19055
 43.803061 1636.643719
 43.82021 1594.378546
 43.837359 1563.773673
 43.854508 1561.918849
 43.871658 1568.691929
 43.888807 1560.366853
 43.905956 1537.719007
 43.923105 1516.577314
 43.940254 1506.285788
 43.957403 1511.59637
 43.974552 1560.195146
 43.991701 1733.074153
 44.00885 2113.973802
 44.025999 2595.560855
 44.043149 2827.953365
 44.060298 2626.881633
 44.077447 2298.347698
 44.094596 2260.557185
 44.111745 2504.6751
 44.128894 2637.508133
 44.146043 2408.267685
 44.163192 1992.975676
 44.180341 1680.733385
 44.19749 1544.650596
 44.21464 1507.426909
 44.231789 1500.831217
 44.248938 1500.0
 44.266087 1500.122827
 44.283236 1501.125058
 44.300385 1507.062624
 44.317534 1530.527495
 44.334683 1591.309404
 44.351832 1690.878775
 44.368981 1785.170425
 44.386131 1844.288704
 44.40328 2000.819407
 44.420429 2582.903816
 44.437578 3769.123464
 44.454727 5042.549834
 44.471876 5381.782963
 44.489025 4445.090804
 44.506174 3037.572821
 44.523323 2049.831461
 44.540472 1634.158711
 44.557622 1522.268656
 44.574771 1502.508734
 44.59192 1500.0
 44.609069 1500.0
 44.626218 1500.0
 44.643367 1500.0
 44.660516 1500.0
 44.677665 1500.0
 44.694814 1500.0
 44.711963 1500.0
 44.729113 1500.0
 44.746262 1500.0
 44.763411 1500.0
 44.78056 1500.0
 44.797709 1500.0
 44.814858 1500.0
 44.832007 1500.0
 44.849156 1500.0
 44.866305 1500.0
 44.883454 1500.0
 44.900604 1500.428676
 44.917753 1504.241381
 44.934902 1530.75429
 44.952051 1654.124609
 44.9692 2052.8587
 44.986349 2928.60227
 45.003498 4170.492321
 45.020647 5116.659694
 45.037796 5043.65045
 45.054945 4002.122641
 45.072095 2766.22232
 45.089244 1956.677054
 45.106393 1616.830708
 45.123542 1521.128943
 45.140691 1502.582995
 45.15784 1500.236055
 45.174989 1500.0
 45.192138 1500.0
 45.209287 1500.0
 45.226436 1500.0
 45.243586 1500.0
 45.260735 1500.0
 45.277884 1500.0
 45.295033 1500.0
 45.312182 1500.0
 45.329331 1500.0
 45.34648 1500.0
 45.363629 1500.0
 45.380778 1500.0
 45.397927 1500.271564
 45.415077 1502.446631
 45.432226 1515.088391
 45.449375 1564.005388
 45.466524 1687.804868
 45.483673 1883.318308
 45.500822 2046.796585
 45.517971 2046.631531
 45.53512 1882.980348
 45.552269 1687.542513
 45.569418 1563.888676
 45.586568 1515.055876
 45.603717 1502.440762
 45.620866 1500.333134
 45.638015 1500.779548
 45.655164 1506.659598
 45.672313 1538.670426
 45.689462 1652.907862
 45.706611 1911.470651
 45.72376 2265.282771
 45.740909 2527.647941
 45.758059 2604.409831
 45.775208 2586.98994
 45.792357 2494.035911
 45.809506 2245.333789
 45.826655 1911.007476
 45.843804 1659.157644
 45.860953 1542.756307
 45.878102 1507.970533
 45.895251 1501.037077
 45.9124 1500.094562
 45.92955 1500.0
 45.946699 1500.0
 45.963848 1500.0
 45.980997 1500.0
 45.998146 1500.0
 46.015295 1500.0
 46.032444 1500.0
 46.049593 1500.0
 46.066742 1500.0
 46.083891 1500.0
 46.101041 1500.0
 46.11819 1500.0
 46.135339 1500.0
 46.152488 1500.0
 46.169637 1500.0
 46.186786 1500.0
 46.203935 1500.0
 46.221084 1500.0
 46.238233 1500.0
 46.255382 1500.0
 46.272532 1500.0
 46.289681 1500.0
 46.30683 1500.0
 46.323979 1500.0
 46.341128 1500.0
 46.358277 1500.0
 46.375426 1500.0
 46.392575 1500.0
 46.409724 1500.0
 46.426873 1500.0
 46.444023 1500.0
 46.461172 1500.0
 46.478321 1500.0
 46.49547 1500.739749
 46.512619 1506.483637
 46.529768 1539.039197
 46.546917 1662.177473
 46.564066 1967.127085
 46.581215 2437.717399
 46.598364 2817.943631
 46.615514 2800.953696
 46.632663 2402.71166
 46.649812 1939.61266
 46.666961 1649.707866
 46.68411 1535.478504
 46.701259 1505.820925
 46.718408 1500.658032
 46.735557 1500.0
 46.752706 1500.0
 46.769855 1500.0
 46.787005 1500.0
 46.804154 1500.0
 46.821303 1500.0
 46.838452 1500.0
 46.855601 1500.0
 46.87275 1500.0
 46.889899 1500.0
 46.907048 1500.0
 46.924197 1500.0
 46.941346 1500.0
 46.958496 1500.0
 46.975645 1500.0
 46.992794 1500.0
 47.009943 1500.0
 47.027092 1500.0
 47.044241 1500.0
 47.06139 1500.0
 47.078539 1500.0
 47.095688 1500.0
 47.112837 1500.0
 47.129987 1500.415612
 47.147136 1503.57854
 47.164285 1521.070492
 47.181434 1585.114917
 47.198583 1737.865147
 47.215732 1964.71527
 47.232881 2159.383357
 47.25003 2257.185193
 47.267179 2361.118508
 47.284328 2546.299503
 47.301478 2632.024342
 47.318627 2421.185491
 47.335776 2027.773852
 47.352925 1709.281703
 47.370074 1560.03562
 47.387223 1528.188154
 47.404372 1567.246995
 47.421521 1668.884198
 47.43867 1795.176813
 47.455819 1852.513318
 47.472969 1787.389932
 47.490118 1659.897643
 47.507267 1560.694743
 47.524416 1515.71346
 47.541565 1502.773922
 47.558714 1500.333831
 47.575863 1500.0
 47.593012 1500.0
 47.610161 1500.0
 47.62731 1500.0
 47.64446 1500.0
 47.661609 1500.0
 47.678758 1500.0
 47.695907 1500.0
 47.713056 1500.0
 47.730205 1500.0
 47.747354 1500.0
 47.764503 1500.0
 47.781652 1500.0
 47.798801 1500.0
 47.815951 1501.201679
 47.8331 1510.374686
 47.850249 1561.969475
 47.867398 1757.281581
 47.884547 2246.161895
 47.901696 3018.765555
 47.918845 3677.330574
 47.935994 3702.069473
 47.953143 3069.950542
 47.970292 2286.731028
 47.987442 1775.899969
 48.004591 1567.375859
 48.02174 1511.402271
 48.038889 1501.331629
 48.056038 1500.0
 48.073187 1500.0
 48.090336 1500.0
 48.107485 1500.0
 48.124634 1500.0
 48.141783 1500.0
 48.158933 1500.0
 48.176082 1500.0
 48.193231 1500.0
 48.21038 1500.0
 48.227529 1500.0
 48.244678 1500.0
 48.261827 1500.0
 48.278976 1500.0
 48.296125 1500.0
 48.313274 1500.0
 48.330424 1500.0
 48.347573 1500.0
 48.364722 1500.0
 48.381871 1500.0
 48.39902 1500.0
 48.416169 1500.0
 48.433318 1500.387915
 48.450467 1503.774169
 48.467616 1525.968118
 48.484765 1626.252747
 48.501915 1932.315644
 48.519064 2537.503974
 48.536213 3235.459111
 48.553362 3512.743796
 48.570511 3111.191664
 48.58766 2386.993605
 48.604809 1834.900682
 48.621958 1586.548544
 48.639107 1515.287146
 48.656256 1502.41083
 48.673406 1504.664054
 48.690555 1526.39089
 48.707704 1602.975265
 48.724853 1777.847468
 48.742002 2020.199666
 48.759151 2178.535171
 48.7763 2119.293097
 48.793449 1897.137543
 48.810598 1679.526714
 48.827747 1557.308283
 48.844897 1512.915821
 48.862046 1502.050864
 48.879195 1500.228632
 48.896344 1500.0
 48.913493 1500.0
 48.930642 1500.0
 48.947791 1500.0
 48.96494 1500.0
 48.982089 1500.0
 48.999238 1500.0
 49.016388 1500.0
 49.033537 1500.0
 49.050686 1500.0
 49.067835 1500.0
 49.084984 1502.133481
 49.102133 1517.69618
 49.119282 1601.051969
 49.136431 1899.799254
 49.15358 2600.705923
 49.170729 3620.012322
 49.187879 4373.83929
 49.205028 4259.167054
 49.222177 3387.36839
 49.239326 2424.355616
 49.256475 1825.301075
 49.273624 1582.450251
 49.290773 1515.069415
 49.307922 1501.986679
 49.325071 1500.08779
 49.34222 1500.0
 49.35937 1500.0
 49.376519 1500.0
 49.393668 1500.0
 49.410817 1500.0
 49.427966 1500.0
 49.445115 1500.0
 49.462264 1500.0
 49.479413 1500.0
 49.496562 1500.0
 49.513711 1500.0
 49.530861 1500.0
 49.54801 1500.0
 49.565159 1500.0
 49.582308 1500.141633
 49.599457 1501.146559
 49.616606 1506.361584
 49.633755 1524.210824
 49.650904 1563.271522
 49.668053 1613.718886
 49.685202 1640.865771
 49.702352 1620.604194
 49.719501 1571.629946
 49.73665 1529.644381
 49.753799 1508.591986
 49.770948 1501.752872
 49.788097 1500.252796
 49.805246 1500.025839
 49.822395 1500.0
 49.839544 1500.0
 49.856693 1500.0
 49.873843 1500.0
 49.890992 1500.0
 49.908141 1500.0
 49.92529 1500.0
 49.942439 1500.0
 49.959588 1500.0
 49.976737 1500.0
 49.993886 1500.0
 50.011035 1500.0
 50.028184 1500.0
 50.045334 1500.0
 50.062483 1500.0
 50.079632 1500.0
 50.096781 1500.0
 50.11393 1500.0
 50.131079 1500.0
 50.148228 1500.0
 50.165377 1500.0
 50.182526 1500.0
 50.199675 1500.0
 50.216825 1500.0
 50.233974 1500.0
 50.251123 1500.0
 50.268272 1500.0
 50.285421 1500.0
 50.30257 1500.0
 50.319719 1500.0
 50.336868 1500.0
 50.354017 1500.0
 50.371166 1500.0
 50.388316 1500.0
 50.405465 1500.0
 50.422614 1500.0
 50.439763 1500.0
 50.456912 1500.044206
 50.474061 1500.354948
 50.49121 1501.974039
 50.508359 1507.625171
 50.525508 1520.700529
 50.542657 1540.060578
 50.559807 1558.923605
 50.576956 1577.64337
 50.594105 1611.856372
 50.611254 1666.153141
 50.628403 1706.227399
 50.645552 1692.800292
 50.662701 1638.300726
 50.67985 1592.42369
 50.696999 1578.616707
 50.714148 1576.250542
 50.731298 1560.816887
 50.748447 1534.85154
 50.765596 1513.905244
 50.782745 1503.84896
 50.799894 1500.738438
 50.817043 1500.098393
 50.834192 1500.009125
 50.851341 1500.0
 50.86849 1500.0
 50.885639 1500.0
 50.902789 1500.0
 50.919938 1500.0
 50.937087 1500.0
 50.954236 1500.0
 50.971385 1500.0
 50.988534 1500.0
 51.005683 1500.0
 51.022832 1500.0
 51.039981 1500.0
 51.05713 1500.0
 51.07428 1500.0
 51.091429 1500.0
 51.108578 1500.027155
 51.125727 1500.211561
 51.142876 1501.138643
 51.160025 1504.236627
 51.177174 1510.908191
 51.194323 1519.459952
 51.211472 1524.094146
 51.228621 1520.748163
 51.245771 1512.458535
 51.26292 1505.232109
 51.280069 1501.54179
 51.297218 1500.319825
 51.314367 1500.046831
 51.331516 1500.161934
 51.348665 1501.226121
 51.365814 1506.619974
 51.382963 1524.75398
 51.400112 1564.214224
 51.417262 1615.819074
 51.434411 1645.654906
 51.45156 1628.166468
 51.468709 1579.224811
 51.485858 1534.547109
 51.503007 1510.668924
 51.520156 1502.340275
 51.537305 1500.365133
 51.554454 1500.0405
 51.571603 1500.0
 51.588753 1500.0
 51.605902 1500.0
 51.623051 1500.0
 51.6402 1500.0
 51.657349 1500.0
 51.674498 1500.0
 51.691647 1500.0
 51.708796 1500.0
 51.725945 1500.0
 51.743094 1500.0
 51.760244 1500.0
 51.777393 1500.0
 51.794542 1500.0
 51.811691 1500.0
 51.82884 1500.0
 51.845989 1500.0
 51.863138 1500.0
 51.880287 1500.0
 51.897436 1500.0
 51.914585 1500.0
 51.931735 1500.0
 51.948884 1500.0
 51.966033 1500.0
 51.983182 1500.0
 52.000331 1500.0
 52.01748 1500.0
 52.034629 1500.0
 52.051778 1500.0
 52.068927 1500.0
 52.086076 1500.0
 52.103226 1500.0
 52.120375 1500.0
 52.137524 1500.0
 52.154673 1500.0
 52.171822 1500.0
 52.188971 1500.0
 52.20612 1500.0
 52.223269 1500.0
 52.240418 1500.0
 52.257567 1500.0
 52.274717 1500.0
 52.291866 1500.0
 52.309015 1500.0
 52.326164 1500.0
 52.343313 1500.0
 52.360462 1500.0
 52.377611 1500.0
 52.39476 1500.0
 52.411909 1501.542791
 52.429058 1511.699603
 52.446208 1561.407328
 52.463357 1723.058537
 52.480506 2060.667379
 52.497655 2474.932646
 52.514804 2671.542158
 52.531953 2473.303728
 52.549102 2059.350644
 52.566251 1722.431987
 52.5834 1561.240174
 52.600549 1511.865506
 52.617699 1502.762397
 52.634848 1505.230186
 52.651997 1515.963813
 52.669146 1534.809884
 52.686295 1554.092192
 52.703444 1559.673817
 52.720593 1546.531329
 52.737742 1525.534941
 52.754891 1509.823564
 52.77204 1502.640884
 52.78919 1500.494847
 52.806339 1500.064505
 52.823488 1500.0
 52.840637 1500.0
 52.857786 1500.39554
 52.874935 1504.196452
 52.892084 1525.377879
 52.909233 1610.623713
 52.926382 1851.564335
 52.943531 2320.034214
 52.960681 2910.24872
 52.97783 3291.666272
 52.994979 3180.929925
 53.012128 2662.098278
 53.029277 2090.19896
 53.046426 1720.77988
 53.063575 1569.336462
 53.080724 1563.139849
 53.097873 1691.229612
 53.115022 1990.649806
 53.132172 2392.618163
 53.149321 2645.944042
 53.16647 2541.949799
 53.183619 2173.551447
 53.200768 1810.564128
 53.217917 1602.35617
 53.235066 1524.126968
 53.252215 1504.06279
 53.269364 1500.487478
 53.286513 1500.0
 53.303663 1500.0
 53.320812 1500.625164
 53.337961 1505.313445
 53.35511 1532.27938
 53.372259 1640.365838
 53.389408 1936.749891
 53.406557 2470.39872
 53.423706 3034.540905
 53.440855 3220.295154
 53.458004 2862.030604
 53.475154 2260.750829
 53.492303 1809.070124
 53.509452 1627.707652
 53.526601 1633.162862
 53.54375 1708.381271
 53.560899 1752.306656
 53.578048 1715.641546
 53.595197 1629.093834
 53.612346 1554.275267
 53.629495 1516.076261
 53.646645 1503.366389
 53.663794 1500.500112
 53.680943 1500.052875
 53.698092 1500.138488
 53.715241 1501.045711
 53.73239 1507.267951
 53.749539 1533.45508
 53.766688 1620.744482
 53.783837 1841.833295
 53.800986 2242.001309
 53.818136 2698.086324
 53.835285 2904.530338
 53.852434 2678.18633
 53.869583 2202.491008
 53.886732 1797.269353
 53.903881 1589.41074
 53.92103 1519.171259
 53.938179 1502.934216
 53.955328 1500.32287
