res data
0.1501657527311482
0.14969739640581212
0.150253364480059
0.15036250304663662
0.15415287667631697
0.15021513025195912
0.15077199333515418
0.1515971708898579
0.1516848892837138
0.1510011708892661
0.14939322367416086
0.15194593399730932
0.15328601399997405
0.13678742379029232
0.15053661848780306
0.15371195859438866
0.15396727648446623
0.15461463763594369
0.1632952149520478
0.14780948513758424
0.1374841022450402
0.1541358713101491
0.18820151918411046
0.15601315865943713
0.12698925195860722
0.1556250273310521
0.15752700937957004
0.13881709210068888
0.0998375312287375
0.16116244521482684
0.1900686335027733
0.041047282446226976
0.15913745088960987
0.15877287329881362
0.17942558613392415
0.05605929808654559
0.1595637949862569
0.15149324151922947
0.0361157242854799
0.1596782310314967
0.03931211688317822
0.18040812364773284
0.16671580045608814
0.16316481800072197
0.09606704390021073
0.17576633731141078
0.16287196862002012
0.19569843715227883
0.1637197215228468
0.16913123206901856
0.05002133951647301
0.1645025459509582
0.16173662446359238
0.19758449312988433
0.16701528122451315
0.1605531305780648
0.27932801238090127
0.15272883554626285
0.14007425288873684
peak data
 10.225123 4261.464246
 13.740689 3221.043654
 16.364501 1503.263534
 17.942218 2873.09252
 20.034409 6328.381705
 20.548882 3674.998166
 21.457784 16136.974419
 22.075151 14257.597386
 23.138396 3423.176658
 23.82436 5844.601284
 24.253087 2576.768947
 25.642164 10292.454155
 26.173786 7577.521964
 26.499619 2642.958054
 26.911198 2294.289011
 27.682907 4166.77534
 28.849046 3034.928199
 30.032334 5612.543897
 31.044131 12649.696016
 31.472858 3286.488795
 32.759041 2250.042666
 33.084874 3509.56591
 33.753689 6171.021476
 34.816933 3824.879322
 35.177064 1521.086705
 35.691537 6607.250822
 36.343203 2753.785748
 36.669036 2144.958724
 37.183509 1506.609111
 37.526491 2004.099361
 38.040964 3665.755244
 38.212455 2591.317811
 38.67548 2769.972001
 39.241401 1810.420727
Org data
 5.011797 1500.0
 5.028946 1500.0
 5.046095 1500.0
 5.063244 1500.0
 5.080393 1500.0
 5.097542 1500.0
 5.114692 1500.0
 5.131841 1500.0
 5.14899 1500.0
 5.166139 1500.0
 5.183288 1500.0
 5.200437 1500.0
 5.217586 1500.0
 5.234735 1500.0
 5.251884 1500.0
 5.269033 1500.0
 5.286182 1500.0
 5.303332 1500.0
 5.320481 1500.0
 5.33763 1500.0
 5.354779 1500.0
 5.371928 1500.0
 5.389077 1500.0
 5.406226 1500.0
 5.423375 1500.0
 5.440524 1500.0
 5.457674 1500.0
 5.474823 1500.0
 5.491972 1500.0
 5.509121 1500.0
 5.52627 1500.0
 5.543419 1500.0
 5.560568 1500.0
 5.577717 1500.0
 5.594866 1500.0
 5.612015 1500.0
 5.629164 1500.0
 5.646314 1500.0
 5.663463 1500.0
 5.680612 1500.0
 5.697761 1500.0
 5.71491 1500.0
 5.732059 1500.0
 5.749208 1500.0
 5.766357 1500.0
 5.783506 1500.0
 5.800656 1500.0
 5.817805 1500.0
 5.834954 1500.0
 5.852103 1500.0
 5.869252 1500.0
 5.886401 1500.0
 5.90355 1500.0
 5.920699 1500.0
 5.937848 1500.0
 5.954997 1500.0
 5.972147 1500.0
 5.989296 1500.0
 6.006445 1500.0
 6.023594 1500.0
 6.040743 1500.0
 6.057892 1500.0
 6.075041 1500.0
 6.09219 1500.0
 6.109339 1500.0
 6.126488 1500.0
 6.143638 1500.0
 6.160787 1500.0
 6.177936 1500.0
 6.195085 1500.0
 6.212234 1500.0
 6.229383 1500.0
 6.246532 1500.0
 6.263681 1500.0
 6.28083 1500.0
 6.297979 1500.0
 6.315129 1500.0
 6.332278 1500.0
 6.349427 1500.0
 6.366576 1500.0
 6.383725 1500.0
 6.400874 1500.0
 6.418023 1500.0
 6.435172 1500.0
 6.452321 1500.0
 6.46947 1500.0
 6.486619 1500.0
 6.503769 1500.0
 6.520918 1500.0
 6.538067 1500.0
 6.555216 1500.0
 6.572365 1500.0
 6.589514 1500.0
 6.606663 1500.0
 6.623812 1500.0
 6.640961 1500.0
 6.658111 1500.0
 6.67526 1500.0
 6.692409 1500.0
 6.709558 1500.0
 6.726707 1500.0
 6.743856 1500.0
 6.761005 1500.0
 6.778154 1500.0
 6.795303 1500.0
 6.812452 1500.0
 6.829601 1500.0
 6.846751 1500.0
 6.8639 1500.0
 6.881049 1500.0
 6.898198 1500.0
 6.915347 1500.0
 6.932496 1500.0
 6.949645 1500.0
 6.966794 1500.0
 6.983943 1500.0
 7.001093 1500.0
 7.018242 1500.0
 7.035391 1500.0
 7.05254 1500.0
 7.069689 1500.0
 7.086838 1500.0
 7.103987 1500.0
 7.121136 1500.0
 7.138285 1500.0
 7.155434 1500.0
 7.172584 1500.0
 7.189733 1500.0
 7.206882 1500.0
 7.224031 1500.0
 7.24118 1500.0
 7.258329 1500.0
 7.275478 1500.0
 7.292627 1500.0
 7.309776 1500.0
 7.326925 1500.0
 7.344074 1500.0
 7.361224 1500.0
 7.378373 1500.0
 7.395522 1500.0
 7.412671 1500.0
 7.42982 1500.0
 7.446969 1500.0
 7.464118 1500.0
 7.481267 1500.0
 7.498416 1500.0
 7.515566 1500.0
 7.532715 1500.0
 7.549864 1500.0
 7.567013 1500.0
 7.584162 1500.0
 7.601311 1500.0
 7.61846 1500.0
 7.635609 1500.0
 7.652758 1500.0
 7.669907 1500.0
 7.687057 1500.0
 7.704206 1500.0
 7.721355 1500.0
 7.738504 1500.0
 7.755653 1500.0
 7.772802 1500.0
 7.789951 1500.0
 7.8071 1500.0
 7.824249 1500.0
 7.841398 1500.0
 7.858548 1500.0
 7.875697 1500.0
 7.892846 1500.0
 7.909995 1500.0
 7.927144 1500.0
 7.944293 1500.0
 7.961442 1500.0
 7.978591 1500.0
 7.99574 1500.0
 8.012889 1500.0
 8.030038 1500.0
 8.047188 1500.0
 8.064337 1500.0
 8.081486 1500.0
 8.098635 1500.0
 8.115784 1500.0
 8.132933 1500.0
 8.150082 1500.0
 8.167231 1500.0
 8.18438 1500.0
 8.201529 1500.0
 8.218679 1500.0
 8.235828 1500.0
 8.252977 1500.0
 8.270126 1500.0
 8.287275 1500.0
 8.304424 1500.0
 8.321573 1500.0
 8.338722 1500.0
 8.355871 1500.0
 8.37302 1500.0
 8.39017 1500.0
 8.407319 1500.0
 8.424468 1500.0
 8.441617 1500.0
 8.458766 1500.0
 8.475915 1500.0
 8.493064 1500.0
 8.510213 1500.0
 8.527362 1500.0
 8.544512 1500.0
 8.561661 1500.0
 8.57881 1500.0
 8.595959 1500.0
 8.613108 1500.0
 8.630257 1500.0
 8.647406 1500.0
 8.664555 1500.0
 8.681704 1500.0
 8.698853 1500.0
 8.716003 1500.0
 8.733152 1500.0
 8.750301 1500.0
 8.76745 1500.0
 8.784599 1500.0
 8.801748 1500.0
 8.818897 1500.0
 8.836046 1500.0
 8.853195 1500.0
 8.870344 1500.0
 8.887493 1500.0
 8.904643 1500.0
 8.921792 1500.0
 8.938941 1500.0
 8.95609 1500.0
 8.973239 1500.0
 8.990388 1500.0
 9.007537 1500.0
 9.024686 1500.0
 9.041835 1500.0
 9.058985 1500.0
 9.076134 1500.0
 9.093283 1500.0
 9.110432 1500.0
 9.127581 1500.0
 9.14473 1500.0
 9.161879 1500.0
 9.179028 1500.0
 9.196177 1500.0
 9.213326 1500.0
 9.230476 1500.0
 9.247625 1500.0
 9.264774 1500.0
 9.281923 1500.0
 9.299072 1500.0
 9.316221 1500.0
 9.33337 1500.0
 9.350519 1500.0
 9.367668 1500.0
 9.384817 1500.0
 9.401967 1500.0
 9.419116 1500.0
 9.436265 1500.0
 9.453414 1500.0
 9.470563 1500.0
 9.487712 1500.0
 9.504861 1500.0
 9.52201 1500.0
 9.539159 1500.0
 9.556308 1500.0
 9.573458 1500.0
 9.590607 1500.0
 9.607756 1500.0
 9.624905 1500.0
 9.642054 1500.0
 9.659203 1500.0
 9.676352 1500.0
 9.693501 1500.0
 9.71065 1500.0
 9.727799 1500.0
 9.744948 1500.0
 9.762098 1500.0
 9.779247 1500.0
 9.796396 1500.0
 9.813545 1500.0
 9.830694 1500.0
 9.847843 1500.0
 9.864992 1500.0
 9.882141 1500.0
 9.89929 1500.0
 9.916439 1500.0
 9.933589 1500.0
 9.950738 1500.0
 9.967887 1500.0
 9.985036 1501.252529
 10.002185 1503.499352
 10.019334 1509.083325
 10.036483 1521.90637
 10.053632 1549.087903
 10.070781 1602.203746
 10.087931 1697.722713
 10.10508 1855.428475
 10.122229 2093.692563
 10.139378 2421.492393
 10.156527 2829.073052
 10.173676 3281.304779
 10.190825 3718.524971
 10.207974 4067.618898
 10.225123 4261.464246
 10.242272 4259.893877
 10.259422 4063.243607
 10.276571 3712.235368
 10.29372 3274.251323
 10.310869 2822.326523
 10.328018 2415.795382
 10.345167 2089.372437
 10.362316 1852.458011
 10.379465 1695.859585
 10.396614 1601.13349
 10.413763 1548.523262
 10.430913 1521.632226
 10.448062 1508.960648
 10.465211 1503.448695
 10.48236 1501.23321
 10.499509 1500.0
 10.516658 1500.0
 10.533807 1500.0
 10.550956 1500.0
 10.568105 1500.0
 10.585254 1500.0
 10.602404 1500.0
 10.619553 1500.0
 10.636702 1500.0
 10.653851 1500.0
 10.671 1500.0
 10.688149 1500.0
 10.705298 1500.0
 10.722447 1500.0
 10.739596 1500.0
 10.756745 1500.0
 10.773895 1500.0
 10.791044 1500.0
 10.808193 1500.0
 10.825342 1500.0
 10.842491 1500.0
 10.85964 1500.0
 10.876789 1500.0
 10.893938 1500.0
 10.911087 1500.0
 10.928236 1500.0
 10.945386 1500.0
 10.962535 1500.0
 10.979684 1500.0
 10.996833 1500.0
 11.013982 1500.0
 11.031131 1500.0
 11.04828 1500.0
 11.065429 1500.0
 11.082578 1500.0
 11.099727 1500.0
 11.116877 1500.0
 11.134026 1500.0
 11.151175 1500.0
 11.168324 1500.0
 11.185473 1500.0
 11.202622 1500.0
 11.219771 1500.0
 11.23692 1500.0
 11.254069 1500.0
 11.271218 1500.0
 11.288368 1500.0
 11.305517 1500.0
 11.322666 1500.0
 11.339815 1500.0
 11.356964 1500.0
 11.374113 1500.0
 11.391262 1500.0
 11.408411 1500.0
 11.42556 1500.0
 11.442709 1500.0
 11.459858 1500.0
 11.477008 1500.0
 11.494157 1500.0
 11.511306 1500.0
 11.528455 1500.0
 11.545604 1500.0
 11.562753 1500.0
 11.579902 1500.0
 11.597051 1500.0
 11.6142 1500.0
 11.63135 1500.0
 11.648499 1500.0
 11.665648 1500.0
 11.682797 1500.0
 11.699946 1500.0
 11.717095 1500.0
 11.734244 1500.0
 11.751393 1500.0
 11.768542 1500.0
 11.785691 1500.0
 11.802841 1500.0
 11.81999 1500.0
 11.837139 1500.0
 11.854288 1500.0
 11.871437 1500.0
 11.888586 1500.0
 11.905735 1500.0
 11.922884 1500.0
 11.940033 1500.0
 11.957182 1500.0
 11.974332 1500.0
 11.991481 1500.0
 12.00863 1500.0
 12.025779 1500.0
 12.042928 1500.0
 12.060077 1500.0
 12.077226 1500.0
 12.094375 1500.0
 12.111524 1500.0
 12.128673 1500.0
 12.145823 1500.0
 12.162972 1500.0
 12.180121 1500.0
 12.19727 1500.0
 12.214419 1500.0
 12.231568 1500.0
 12.248717 1500.0
 12.265866 1500.0
 12.283015 1500.0
 12.300164 1500.0
 12.317314 1500.0
 12.334463 1500.0
 12.351612 1500.0
 12.368761 1500.0
 12.38591 1500.0
 12.403059 1500.0
 12.420208 1500.0
 12.437357 1500.0
 12.454506 1500.0
 12.471655 1500.0
 12.488805 1500.0
 12.505954 1500.0
 12.523103 1500.0
 12.540252 1500.0
 12.557401 1500.0
 12.57455 1500.0
 12.591699 1500.0
 12.608848 1500.0
 12.625997 1500.0
 12.643146 1500.0
 12.660296 1500.0
 12.677445 1500.0
 12.694594 1500.0
 12.711743 1500.0
 12.728892 1500.0
 12.746041 1500.0
 12.76319 1500.0
 12.780339 1500.0
 12.797488 1500.0
 12.814637 1500.0
 12.831787 1500.0
 12.848936 1500.0
 12.866085 1500.0
 12.883234 1500.0
 12.900383 1500.0
 12.917532 1500.0
 12.934681 1500.0
 12.95183 1500.0
 12.968979 1500.0
 12.986128 1500.0
 13.003277 1500.0
 13.020427 1500.0
 13.037576 1500.0
 13.054725 1500.0
 13.071874 1500.0
 13.089023 1500.0
 13.106172 1500.0
 13.123321 1500.0
 13.14047 1500.0
 13.157619 1500.0
 13.174768 1500.0
 13.191918 1500.0
 13.209067 1500.0
 13.226216 1500.0
 13.243365 1500.0
 13.260514 1500.0
 13.277663 1500.0
 13.294812 1500.0
 13.311961 1500.0
 13.32911 1500.0
 13.346259 1500.0
 13.363409 1500.0
 13.380558 1500.0
 13.397707 1500.0
 13.414856 1500.0
 13.432005 1500.0
 13.449154 1500.0
 13.466303 1500.0
 13.483452 1500.593271
 13.500601 1501.684054
 13.517751 1504.443487
 13.5349 1510.898197
 13.552049 1524.84537
 13.569198 1552.649341
 13.586347 1603.703391
 13.603496 1689.863186
 13.620645 1823.09555
 13.637794 2011.043274
 13.654943 2251.301761
 13.672092 2526.583367
 13.689242 2803.736352
 13.706391 3038.839534
 13.72354 3188.094754
 13.740689 3221.043654
 13.757838 3130.684647
 13.774987 2935.893765
 13.792136 2675.005716
 13.809285 2393.540006
 13.826434 2131.444665
 13.843583 1914.662529
 13.860733 1753.036651
 13.877882 1643.480271
 13.895031 1575.598316
 13.91218 1537.011307
 13.929329 1516.836444
 13.946478 1507.116254
 13.963627 1502.794662
 13.980776 1501.019708
 13.997925 1500.0
 14.015074 1500.0
 14.032224 1500.0
 14.049373 1500.0
 14.066522 1500.0
 14.083671 1500.0
 14.10082 1500.0
 14.117969 1500.0
 14.135118 1500.0
 14.152267 1500.0
 14.169416 1500.0
 14.186565 1500.0
 14.203715 1500.0
 14.220864 1500.0
 14.238013 1500.0
 14.255162 1500.0
 14.272311 1500.0
 14.28946 1500.0
 14.306609 1500.0
 14.323758 1500.0
 14.340907 1500.0
 14.358056 1500.0
 14.375206 1500.0
 14.392355 1500.0
 14.409504 1500.0
 14.426653 1500.0
 14.443802 1500.0
 14.460951 1500.0
 14.4781 1500.0
 14.495249 1500.0
 14.512398 1500.0
 14.529547 1500.0
 14.546696 1500.0
 14.563846 1500.0
 14.580995 1500.0
 14.598144 1500.0
 14.615293 1500.0
 14.632442 1500.0
 14.649591 1500.0
 14.66674 1500.0
 14.683889 1500.0
 14.701038 1500.0
 14.718187 1500.0
 14.735337 1500.0
 14.752486 1500.0
 14.769635 1500.0
 14.786784 1500.0
 14.803933 1500.0
 14.821082 1500.0
 14.838231 1500.0
 14.85538 1500.0
 14.872529 1500.0
 14.889678 1500.0
 14.906828 1500.0
 14.923977 1500.0
 14.941126 1500.0
 14.958275 1500.0
 14.975424 1500.0
 14.992573 1500.0
 15.009722 1500.0
 15.026871 1500.0
 15.04402 1500.0
 15.06117 1500.0
 15.078319 1500.0
 15.095468 1500.0
 15.112617 1500.0
 15.129766 1500.0
 15.146915 1500.0
 15.164064 1500.0
 15.181213 1500.0
 15.198362 1500.0
 15.215511 1500.0
 15.232661 1500.0
 15.24981 1500.0
 15.266959 1500.0
 15.284108 1500.0
 15.301257 1500.0
 15.318406 1500.0
 15.335555 1500.0
 15.352704 1500.0
 15.369853 1500.0
 15.387002 1500.0
 15.404152 1500.0
 15.421301 1500.0
 15.43845 1500.0
 15.455599 1500.0
 15.472748 1500.0
 15.489897 1500.0
 15.507046 1500.0
 15.524195 1500.0
 15.541344 1500.0
 15.558493 1500.0
 15.575643 1500.0
 15.592792 1500.0
 15.609941 1500.0
 15.62709 1500.0
 15.644239 1500.0
 15.661388 1500.0
 15.678537 1500.0
 15.695686 1500.0
 15.712835 1500.0
 15.729984 1500.0
 15.747134 1500.0
 15.764283 1500.0
 15.781432 1500.0
 15.798581 1500.0
 15.81573 1500.0
 15.832879 1500.0
 15.850028 1500.0
 15.867177 1500.0
 15.884326 1500.0
 15.901475 1500.0
 15.918625 1500.0
 15.935774 1500.0
 15.952923 1500.0
 15.970072 1500.0
 15.987221 1500.0
 16.00437 1500.0
 16.021519 1500.0
 16.038668 1500.0
 16.055817 1500.0
 16.072966 1500.0
 16.090116 1500.0
 16.107265 1500.0
 16.124414 1500.001985
 16.141563 1500.005413
 16.158712 1500.013718
 16.175861 1500.032321
 16.19301 1500.070791
 16.210159 1500.144139
 16.227308 1500.27284
 16.244457 1500.480139
 16.261606 1500.785539
 16.278756 1501.194871
 16.295905 1501.689798
 16.313054 1502.221873
 16.330203 1502.716336
 16.347352 1503.087711
 16.364501 1503.263534
 16.38165 1503.207351
 16.398799 1502.931031
 16.415948 1502.49068
 16.433097 1501.968101
 16.450247 1501.446158
 16.467396 1500.988167
 16.484545 1500.62791
 16.501694 1500.371042
 16.518843 1500.203898
 16.535992 1500.104201
 16.553141 1500.049522
 16.57029 1500.021888
 16.587439 1500.008997
 16.604589 1500.003439
 16.621738 1500.001223
 16.638887 1500.0
 16.656036 1500.0
 16.673185 1500.0
 16.690334 1500.0
 16.707483 1500.0
 16.724632 1500.0
 16.741781 1500.0
 16.75893 1500.0
 16.77608 1500.0
 16.793229 1500.0
 16.810378 1500.0
 16.827527 1500.0
 16.844676 1500.0
 16.861825 1500.0
 16.878974 1500.0
 16.896123 1500.0
 16.913272 1500.0
 16.930421 1500.0
 16.947571 1500.0
 16.96472 1500.0
 16.981869 1500.0
 16.999018 1500.0
 17.016167 1500.0
 17.033316 1500.0
 17.050465 1500.0
 17.067614 1500.0
 17.084763 1500.0
 17.101912 1500.0
 17.119062 1500.0
 17.136211 1500.0
 17.15336 1500.0
 17.170509 1500.0
 17.187658 1500.0
 17.204807 1500.0
 17.221956 1500.0
 17.239105 1500.0
 17.256254 1500.0
 17.273403 1500.0
 17.290553 1500.0
 17.307702 1500.0
 17.324851 1500.0
 17.342 1500.0
 17.359149 1500.0
 17.376298 1500.0
 17.393447 1500.0
 17.410596 1500.0
 17.427745 1500.0
 17.444894 1500.0
 17.462044 1500.0
 17.479193 1500.0
 17.496342 1500.0
 17.513491 1500.0
 17.53064 1500.0
 17.547789 1500.0
 17.564938 1500.0
 17.582087 1500.0
 17.599236 1500.0
 17.616385 1500.0
 17.633535 1500.0
 17.650684 1500.0
 17.667833 1500.0
 17.684982 1500.0
 17.702131 1500.897647
 17.71928 1502.431898
 17.736429 1506.125775
 17.753578 1514.346942
 17.770727 1531.242614
 17.787876 1563.260452
 17.805025 1619.102656
 17.822175 1708.507791
 17.839324 1839.42388
 17.856473 2013.79445
 17.873622 2223.221072
 17.890771 2446.662468
 17.90792 2652.310327
 17.925069 2804.372886
 17.942218 2873.09252
 17.959367 2844.222824
 17.976516 2723.8373
 17.993666 2536.24988
 18.010815 2316.020179
 18.027964 2097.640343
 18.045113 1907.087955
 18.062262 1757.900604
 18.079411 1651.963159
 18.09656 1583.282126
 18.113709 1542.451993
 18.130858 1520.127134
 18.148008 1508.875802
 18.165157 1503.64065
 18.182306 1501.388989
 18.199455 1500.492913
 18.216604 1500.0
 18.233753 1500.0
 18.250902 1500.0
 18.268051 1500.0
 18.2852 1500.0
 18.302349 1500.0
 18.319499 1500.0
 18.336648 1500.0
 18.353797 1500.0
 18.370946 1500.0
 18.388095 1500.0
 18.405244 1500.0
 18.422393 1500.0
 18.439542 1500.0
 18.456691 1500.0
 18.47384 1500.0
 18.49099 1500.0
 18.508139 1500.0
 18.525288 1500.0
 18.542437 1500.0
 18.559586 1500.0
 18.576735 1500.0
 18.593884 1500.0
 18.611033 1500.0
 18.628182 1500.0
 18.645331 1500.0
 18.662481 1500.0
 18.67963 1500.0
 18.696779 1500.0
 18.713928 1500.0
 18.731077 1500.0
 18.748226 1500.0
 18.765375 1500.0
 18.782524 1500.0
 18.799673 1500.0
 18.816822 1500.0
 18.833972 1500.0
 18.851121 1500.0
 18.86827 1500.0
 18.885419 1500.0
 18.902568 1500.0
 18.919717 1500.0
 18.936866 1500.0
 18.954015 1500.0
 18.971164 1500.0
 18.988313 1500.0
 19.005463 1500.0
 19.022612 1500.0
 19.039761 1500.0
 19.05691 1500.0
 19.074059 1500.0
 19.091208 1500.0
 19.108357 1500.0
 19.125506 1500.0
 19.142655 1500.0
 19.159804 1500.0
 19.176954 1500.0
 19.194103 1500.0
 19.211252 1500.0
 19.228401 1500.0
 19.24555 1500.0
 19.262699 1500.0
 19.279848 1500.0
 19.296997 1500.0
 19.314146 1500.0
 19.331295 1500.0
 19.348444 1500.0
 19.365594 1500.0
 19.382743 1500.0
 19.399892 1500.0
 19.417041 1500.0
 19.43419 1500.0
 19.451339 1500.0
 19.468488 1500.0
 19.485637 1500.0
 19.502786 1500.0
 19.519935 1500.0
 19.537085 1500.0
 19.554234 1500.0
 19.571383 1500.0
 19.588532 1500.0
 19.605681 1500.0
 19.62283 1500.0
 19.639979 1500.0
 19.657128 1500.0
 19.674277 1500.0
 19.691427 1500.0
 19.708576 1500.0
 19.725725 1500.0
 19.742874 1500.0
 19.760023 1500.0
 19.777172 1502.201282
 19.794321 1506.772192
 19.81147 1517.123498
 19.828619 1540.323175
 19.845768 1588.445727
 19.862918 1680.727205
 19.880067 1844.082739
 19.897216 2110.472588
 19.914365 2509.501983
 19.931514 3056.186437
 19.948663 3736.692456
 19.965812 4497.905274
 19.982961 5247.763305
 20.00011 5870.611459
 20.017259 6255.51271
 20.034409 6328.381705
 20.051558 6075.221241
 20.068707 5546.484055
 20.085856 4840.706007
 20.103005 4074.674289
 20.120154 3352.454172
 20.137303 2744.283768
 20.154452 2280.24638
 20.171601 1956.736976
 20.18875 1749.57036
 20.2059 1627.283496
 20.223049 1560.583423
 20.240198 1526.907933
 20.257347 1511.150315
 20.274496 1504.310269
 20.291645 1501.258552
 20.308794 1501.664929
 20.325943 1504.456118
 20.343092 1511.091161
 20.360241 1525.671889
 20.377391 1555.258666
 20.39454 1610.612913
 20.411689 1705.908983
 20.428838 1856.459275
 20.445987 2073.866358
 20.463136 2359.169517
 20.480285 2696.231334
 20.497434 3048.890099
 20.514583 3365.073414
 20.531732 3588.535422
 20.548882 3674.998166
 20.566031 3606.432445
 20.58318 3397.177551
 20.600329 3089.059968
 20.617478 2737.782389
 20.634627 2396.643127
 20.651776 2104.039804
 20.668925 1878.426114
 20.686074 1720.47781
 20.703223 1619.457991
 20.720373 1560.190764
 20.737522 1528.203705
 20.754671 1512.289691
 20.77182 1504.980012
 20.788969 1501.876593
 20.806118 1500.657589
 20.823267 1500.0
 20.840416 1500.0
 20.857565 1500.0
 20.874714 1500.0
 20.891863 1500.0
 20.909013 1500.0
 20.926162 1500.0
 20.943311 1500.0
 20.96046 1500.0
 20.977609 1500.0
 20.994758 1500.0
 21.011907 1500.0
 21.029056 1500.0
 21.046205 1500.0
 21.063354 1500.0
 21.080504 1500.0
 21.097653 1500.0
 21.114802 1500.0
 21.131951 1500.0
 21.1491 1500.0
 21.166249 1500.0
 21.183398 1500.0
 21.200547 1504.95451
 21.217696 1513.985581
 21.234845 1536.729795
 21.251995 1589.746826
 21.269144 1704.026208
 21.286293 1931.540997
 21.303442 2349.238612
 21.320591 3054.929547
 21.33774 4148.904009
 21.354889 5698.527155
 21.372038 7691.604855
 21.389187 9995.42083
 21.406336 12345.297772
 21.423486 14381.670329
 21.440635 15735.604257
 21.457784 16136.974419
 21.474933 15502.217998
 21.492082 13962.658815
 21.509231 11820.268444
 21.52638 9451.253931
 21.543529 7199.573984
 21.560678 5301.097521
 21.577827 3858.484863
 21.594977 2861.482916
 21.612126 2231.212876
 21.629275 1865.363763
 21.646424 1669.845709
 21.663573 1573.456224
 21.680722 1529.555955
 21.697871 1511.063721
 21.71502 1500.0
 21.732169 1500.0
 21.749319 1500.0
 21.766468 1500.0
 21.783617 1500.0
 21.800766 1500.0
 21.817915 1505.584611
 21.835064 1515.405051
 21.852213 1539.571821
 21.869362 1594.658715
 21.886511 1710.855438
 21.90366 1937.376587
 21.92081 2344.828695
 21.937959 3019.56427
 21.955108 4045.075897
 21.972257 5469.234153
 21.989406 7264.07016
 22.006555 9293.989715
 22.023704 11312.715418
 22.040853 13002.904907
 22.058002 14054.643695
 22.075151 14257.597386
 22.092301 13569.512276
 22.10945 12130.537598
 22.126599 10216.728012
 22.143748 8153.840765
 22.160897 6228.24204
 22.178046 4627.685371
 22.195195 3425.884062
 22.212344 2603.846387
 22.229493 2088.906505
 22.246642 1792.436242
 22.263792 1635.16096
 22.280941 1558.142658
 22.29809 1523.278264
 22.315239 1508.673756
 22.332388 1500.0
 22.349537 1500.0
 22.366686 1500.0
 22.383835 1500.0
 22.400984 1500.0
 22.418133 1500.0
 22.435283 1500.0
 22.452432 1500.0
 22.469581 1500.0
 22.48673 1500.0
 22.503879 1500.0
 22.521028 1500.0
 22.538177 1500.0
 22.555326 1500.0
 22.572475 1500.0
 22.589624 1500.0
 22.606773 1500.0
 22.623923 1500.0
 22.641072 1500.0
 22.658221 1500.0
 22.67537 1500.0
 22.692519 1500.0
 22.709668 1500.0
 22.726817 1500.0
 22.743966 1500.0
 22.761115 1500.0
 22.778264 1500.0
 22.795414 1500.0
 22.812563 1500.0
 22.829712 1500.0
 22.846861 1500.0
 22.86401 1500.0
 22.881159 1500.0
 22.898308 1501.402025
 22.915457 1503.738496
 22.932606 1509.280137
 22.949755 1521.445463
 22.966905 1546.136771
 22.984054 1592.405341
 23.001203 1672.302864
 23.018352 1799.116976
 23.035501 1983.448757
 23.05265 2227.492275
 23.069799 2519.25464
 23.086948 2829.600464
 23.104097 3114.922063
 23.121246 3326.340226
 23.138396 3423.176658
 23.155545 3385.695914
 23.172694 3221.656616
 23.189843 2963.696599
 23.206992 2658.756773
 23.224141 2354.234235
 23.24129 2086.423867
 23.258439 1874.888752
 23.275588 1723.179893
 23.292738 1623.729987
 23.309887 1563.880309
 23.327036 1530.713947
 23.344185 1513.752597
 23.361334 1505.734791
 23.378483 1502.227086
 23.395632 1500.805462
 23.412781 1500.0
 23.42993 1500.0
 23.447079 1500.0
 23.464229 1500.0
 23.481378 1500.0
 23.498527 1500.0
 23.515676 1500.0
 23.532825 1500.0
 23.549974 1500.0
 23.567123 1500.0
 23.584272 1503.862465
 23.601421 1510.180391
 23.61857 1524.97399
 23.63572 1557.020096
 23.652869 1621.275433
 23.670018 1740.032881
 23.687167 1941.91746
 23.704316 2256.865045
 23.721465 2705.96073
 23.738614 3287.773802
 23.755763 3965.931761
 23.772912 4664.903259
 23.790061 5279.813056
 23.807211 5700.763466
 23.82436 5844.601284
 23.841509 5681.668698
 23.858658 5245.760528
 23.875807 4622.716386
 23.892956 3922.91143
 23.910105 3249.70256
 23.927254 2676.036869
 23.944403 2235.724328
 23.961552 1928.403985
 23.978702 1732.189239
 23.995851 1617.134884
 24.013 1555.955704
 24.030149 1526.550264
 24.047298 1515.934458
 24.064447 1517.75064
 24.081596 1529.844845
 24.098745 1559.021465
 24.115894 1608.637174
 24.133043 1686.109203
 24.150192 1796.743789
 24.167342 1940.387184
 24.184491 2108.13431
 24.20164 2281.438443
 24.218789 2434.409514
 24.235938 2539.781253
 24.253087 2576.768947
 24.270236 2537.746131
 24.287385 2430.805079
 24.304534 2277.025562
 24.321683 2103.711944
 24.338833 1936.566249
 24.355982 1793.835148
 24.373131 1684.075948
 24.39028 1607.33367
 24.407429 1558.25401
 24.424578 1529.428718
 24.441727 1513.838111
 24.458876 1506.05684
 24.476025 1502.467645
 24.493174 1500.935814
 24.510324 1500.0
 24.527473 1500.0
 24.544622 1500.0
 24.561771 1500.0
 24.57892 1500.0
 24.596069 1500.0
 24.613218 1500.0
 24.630367 1500.0
 24.647516 1500.0
 24.664665 1500.0
 24.681815 1500.0
 24.698964 1500.0
 24.716113 1500.0
 24.733262 1500.0
 24.750411 1500.0
 24.76756 1500.0
 24.784709 1500.0
 24.801858 1500.0
 24.819007 1500.0
 24.836157 1500.0
 24.853306 1500.0
 24.870455 1500.0
 24.887604 1500.0
 24.904753 1500.0
 24.921902 1500.0
 24.939051 1500.0
 24.9562 1500.0
 24.973349 1500.0
 24.990498 1500.0
 25.007648 1500.0
 25.024797 1500.0
 25.041946 1500.0
 25.059095 1500.0
 25.076244 1500.0
 25.093393 1500.0
 25.110542 1500.0
 25.127691 1500.0
 25.14484 1500.0
 25.161989 1500.0
 25.179139 1500.0
 25.196288 1500.0
 25.213437 1500.0
 25.230586 1500.0
 25.247735 1500.0
 25.264884 1500.0
 25.282033 1500.0
 25.299182 1500.0
 25.316331 1500.0
 25.33348 1500.0
 25.35063 1500.0
 25.367779 1500.0
 25.384928 1500.0
 25.402077 1507.416469
 25.419226 1519.51559
 25.436375 1547.829096
 25.453524 1609.176984
 25.470673 1732.113737
 25.487822 1959.625243
 25.504971 2347.700741
 25.522121 2956.194154
 25.53927 3829.895358
 25.556419 4972.131864
 25.573568 6319.4884
 25.590717 7730.927695
 25.607866 9003.321789
 25.625015 9915.994557
 25.642164 10292.454155
 25.659313 10055.968598
 25.676462 9255.040496
 25.693611 8047.205479
 25.710761 6648.560612
 25.72791 5271.154386
 25.745059 4072.893511
 25.762208 3135.039688
 25.779357 2467.817447
 25.796506 2033.60075
 25.813655 1774.028665
 25.830804 1631.078174
 25.847953 1558.400594
 25.865102 1524.235595
 25.882252 1509.367767
 25.899401 1503.372563
 25.91655 1503.711585
 25.933699 1509.935792
 25.950848 1524.79376
 25.967997 1557.674764
 25.985146 1625.065969
 26.002295 1752.818128
 26.019444 1976.429127
 26.036593 2336.97823
 26.053743 2870.755204
 26.070892 3592.854492
 26.088041 4478.889573
 26.10519 5452.830377
 26.122339 6389.920906
 26.139488 7139.442499
 26.156637 7563.331005
 26.173786 7577.521964
 26.190935 7179.114759
 26.208084 6447.338165
 26.225234 5517.877886
 26.242383 4541.954544
 26.259532 3647.930028
 26.276681 2915.072865
 26.29383 2372.383947
 26.310979 2008.923235
 26.328128 1792.790436
 26.345277 1688.20806
 26.362426 1666.213343
 26.379576 1708.015174
 26.396725 1802.59818
 26.413874 1941.200128
 26.431023 2110.073058
 26.448172 2293.298558
 26.465321 2461.371724
 26.48247 2585.808952
 26.499619 2642.958054
 26.516768 2621.319341
 26.533917 2525.315751
 26.551067 2373.820543
 26.568216 2194.112617
 26.585365 2013.910168
 26.602514 1854.650278
 26.619663 1728.126176
 26.636812 1636.778294
 26.653961 1576.441924
 26.67111 1540.511646
 26.688259 1521.144462
 26.705408 1513.16484
 26.722558 1513.728162
 26.739707 1522.717961
 26.756856 1542.518159
 26.774005 1577.23298
 26.791154 1632.368812
 26.808303 1711.375316
 26.825452 1814.495178
 26.842601 1935.983829
 26.85975 2063.156534
 26.876899 2177.791412
 26.894049 2260.111288
 26.911198 2294.289011
 26.928347 2273.404014
 26.945496 2201.725177
 26.962645 2093.2898
 26.979794 1967.425422
 26.996943 1843.170469
 27.014092 1734.782739
 27.031241 1649.688225
 27.04839 1588.936665
 27.06554 1549.243877
 27.082689 1525.410211
 27.099838 1512.219549
 27.116987 1505.476451
 27.134136 1502.287422
 27.151285 1500.890435
 27.168434 1500.323052
 27.185583 1500.0
 27.202732 1500.0
 27.219881 1500.0
 27.23703 1500.0
 27.25418 1500.0
 27.271329 1500.0
 27.288478 1500.0
 27.305627 1500.0
 27.322776 1500.0
 27.339925 1500.0
 27.357074 1500.0
 27.374223 1500.0
 27.391372 1500.0
 27.408521 1500.0
 27.425671 1501.623479
 27.44282 1504.333003
 27.459969 1510.785304
 27.477118 1525.037037
 27.494267 1554.205828
 27.511416 1609.452651
 27.528565 1706.123676
 27.545714 1862.037909
 27.562863 2093.071866
 27.580012 2406.127797
 27.597162 2791.223474
 27.614311 3216.103048
 27.63146 3627.231007
 27.648609 3959.31334
 27.665758 4151.787863
 27.682907 4166.77534
 27.700056 4001.227028
 27.717205 3687.934811
 27.734354 3284.946182
 27.751503 2858.062016
 27.768653 2463.632544
 27.785802 2137.666783
 27.802951 1893.513075
 27.8201 1726.464271
 27.837249 1621.536597
 27.854398 1560.823673
 27.871547 1528.384903
 27.888696 1512.352139
 27.905845 1505.012189
 27.922995 1501.896416
 27.940144 1500.0
 27.957293 1500.0
 27.974442 1500.0
 27.991591 1500.0
 28.00874 1500.0
 28.025889 1500.0
 28.043038 1500.0
 28.060187 1500.0
 28.077336 1500.0
 28.094486 1500.0
 28.111635 1500.0
 28.128784 1500.0
 28.145933 1500.0
 28.163082 1500.0
 28.180231 1500.0
 28.19738 1500.0
 28.214529 1500.0
 28.231678 1500.0
 28.248827 1500.0
 28.265977 1500.0
 28.283126 1500.0
 28.300275 1500.0
 28.317424 1500.0
 28.334573 1500.0
 28.351722 1500.0
 28.368871 1500.0
 28.38602 1500.0
 28.403169 1500.0
 28.420318 1500.0
 28.437468 1500.0
 28.454617 1500.0
 28.471766 1500.0
 28.488915 1500.0
 28.506064 1500.0
 28.523213 1500.0
 28.540362 1500.0
 28.557511 1500.0
 28.57466 1500.0
 28.591809 1500.920848
 28.608959 1502.454003
 28.626108 1506.101369
 28.643257 1514.153
 28.660406 1530.62963
 28.677555 1561.845702
 28.694704 1616.507397
 28.711853 1704.773911
 28.729002 1835.794114
 28.746151 2013.74583
 28.7633 2233.329248
 28.78045 2476.614387
 28.797599 2713.438808
 28.814748 2906.629818
 28.831897 3021.264764
 28.849046 3034.928199
 28.866195 2944.854817
 28.883344 2768.84123
 28.900493 2539.515064
 28.917642 2294.488753
 28.934791 2066.461992
 28.95194 1876.766288
 28.96909 1733.767097
 28.986239 1635.299546
 29.003388 1573.046968
 29.020537 1536.7868
 29.037686 1517.280516
 29.054835 1507.571589
 29.071984 1503.09438
 29.089133 1501.179526
 29.106282 1500.0
 29.123431 1500.0
 29.140581 1500.0
 29.15773 1500.0
 29.174879 1500.0
 29.192028 1500.0
 29.209177 1500.0
 29.226326 1500.0
 29.243475 1500.0
 29.260624 1500.0
 29.277773 1500.0
 29.294922 1500.0
 29.312072 1500.0
 29.329221 1500.0
 29.34637 1500.0
 29.363519 1500.0
 29.380668 1500.0
 29.397817 1500.0
 29.414966 1500.0
 29.432115 1500.0
 29.449264 1500.0
 29.466414 1500.0
 29.483563 1500.0
 29.500712 1500.0
 29.517861 1500.0
 29.53501 1500.0
 29.552159 1500.0
 29.569308 1500.0
 29.586457 1500.0
 29.603606 1500.0
 29.620755 1500.0
 29.637905 1500.052149
 29.655054 1500.134909
 29.672203 1500.325502
 29.689352 1500.732462
 29.706501 1501.537229
 29.72365 1503.008967
 29.740799 1505.493201
 29.757948 1509.353325
 29.775097 1514.853969
 29.792246 1525.608456
 29.809396 1539.759743
 29.826545 1561.844997
 29.843694 1598.309437
 29.860843 1660.757339
 29.877992 1767.504671
 29.895141 1943.293514
 29.91229 2215.479366
 29.929439 2605.704337
 29.946588 3118.030426
 29.963737 3727.257944
 29.980887 4373.247323
 29.998036 4966.646577
 30.015185 5407.559911
 30.032334 5612.543897
 30.049483 5540.120158
 30.066632 5204.173598
 30.083781 4669.352323
 30.10093 4030.572322
 30.118079 3385.525596
 30.135228 2811.030475
 30.152378 2350.665787
 30.169527 2015.094144
 30.186676 1791.067099
 30.203825 1653.491307
 30.220974 1575.537633
 30.238123 1534.692535
 30.255272 1514.869806
 30.272421 1505.948043
 30.28957 1502.220469
 30.306719 1500.0
 30.323869 1500.0
 30.341018 1500.0
 30.358167 1500.0
 30.375316 1500.0
 30.392465 1500.0
 30.409614 1500.0
 30.426763 1500.0
 30.443912 1500.0
 30.461061 1500.0
 30.47821 1500.0
 30.495359 1500.0
 30.512509 1500.0
 30.529658 1500.0
 30.546807 1500.0
 30.563956 1500.0
 30.581105 1500.0
 30.598254 1500.0
 30.615403 1500.0
 30.632552 1500.0
 30.649701 1500.0
 30.66685 1500.0
 30.684 1500.0
 30.701149 1500.0
 30.718298 1500.0
 30.735447 1500.0
 30.752596 1500.0
 30.769745 1500.0
 30.786894 1506.776948
 30.804043 1517.912221
 30.821192 1544.20168
 30.838341 1601.836819
 30.855491 1719.053142
 30.87264 1939.920253
 30.889789 2325.62309
 30.906938 2946.010093
 30.924087 3865.068866
 30.941236 5112.851523
 30.958385 6655.454125
 30.975534 8374.0028
 30.992683 10067.459545
 31.009832 11487.432281
 31.026982 12399.369162
 31.044131 12649.696016
 31.06128 12211.810363
 31.078429 11191.024908
 31.095578 9786.846569
 31.112727 8230.181688
 31.129876 6722.270816
 31.147025 5397.08605
 31.164174 4314.356017
 31.181324 3475.875321
 31.198473 2850.81985
 31.215622 2397.683387
 31.232771 2078.819543
 31.24992 1861.032684
 31.267069 1720.856937
 31.284218 1640.987951
 31.301367 1607.291366
 31.318516 1624.042831
 31.335665 1685.912114
 31.352815 1799.063959
 31.369964 1968.664373
 31.387113 2193.560061
 31.404262 2460.623607
 31.421411 2743.788391
 31.43856 3003.297625
 31.455709 3196.130916
 31.472858 3286.488795
 31.490007 3256.621707
 31.507156 3112.513894
 31.524306 2881.929774
 31.541455 2605.69534
 31.558604 2325.964443
 31.575753 2076.06634
 31.592902 1875.126167
 31.610051 1728.078229
 31.6272 1629.478972
 31.644349 1568.632568
 31.661498 1533.969003
 31.678647 1515.698644
 31.695797 1506.774429
 31.712946 1502.72972
 31.730095 1501.027073
 31.747244 1500.0
 31.764393 1500.0
 31.781542 1500.0
 31.798691 1500.0
 31.81584 1500.0
 31.832989 1500.0
 31.850138 1500.0
 31.867288 1500.0
 31.884437 1500.0
 31.901586 1500.0
 31.918735 1500.0
 31.935884 1500.0
 31.953033 1500.0
 31.970182 1500.0
 31.987331 1500.0
 32.00448 1500.0
 32.021629 1500.0
 32.038778 1500.0
 32.055928 1500.0
 32.073077 1500.0
 32.090226 1500.0
 32.107375 1500.0
 32.124524 1500.0
 32.141673 1500.0
 32.158822 1500.0
 32.175971 1500.0
 32.19312 1500.0
 32.21027 1500.0
 32.227419 1500.0
 32.244568 1500.0
 32.261717 1500.0
 32.278866 1500.0
 32.296015 1500.0
 32.313164 1500.0
 32.330313 1500.0
 32.347462 1500.0
 32.364611 1500.0
 32.38176 1500.0
 32.39891 1500.0
 32.416059 1500.0
 32.433208 1500.0
 32.450357 1500.0
 32.467506 1500.0
 32.484655 1500.0
 32.501804 1500.0
 32.518953 1500.735368
 32.536102 1501.882858
 32.553252 1504.501405
 32.570401 1510.048542
 32.58755 1520.945401
 32.604699 1540.767253
 32.621848 1574.093127
 32.638997 1625.746164
 32.656146 1699.282237
 32.673295 1794.92134
 32.690444 1907.581348
 32.707593 2026.016854
 32.724743 2133.970376
 32.741892 2213.557338
 32.759041 2250.042666
 32.77619 2236.286318
 32.793339 2175.021303
 32.810488 2077.968781
 32.827637 1962.182397
 32.844786 1847.528206
 32.861935 1746.731812
 32.879084 1670.972914
 32.896234 1626.648064
 32.913383 1618.62224
 32.930532 1652.747698
 32.947681 1736.986957
 32.96483 1880.023705
 32.981979 2087.12591
 32.999128 2354.28842
 33.016277 2662.997514
 33.033426 2978.484516
 33.050575 3254.797168
 33.067725 3443.807831
 33.084874 3509.56591
 33.102023 3439.007093
 33.119172 3246.183348
 33.136321 2967.703097
 33.15347 2651.406436
 33.170619 2343.072527
 33.187768 2076.169695
 33.204917 1867.526052
 33.222066 1718.816862
 33.239216 1621.599234
 33.256365 1563.072559
 33.273514 1530.535961
 33.290663 1513.798949
 33.307812 1505.820298
 33.324961 1502.291451
 33.34211 1500.0
 33.359259 1500.0
 33.376408 1500.0
 33.393557 1500.0
 33.410707 1500.0
 33.427856 1501.482473
 33.445005 1503.80455
 33.462154 1509.122071
 33.479303 1520.43459
 33.496452 1542.769027
 33.513601 1585.434043
 33.53075 1657.68405
 33.547899 1773.193666
 33.565048 1945.190436
 33.582197 2184.20513
 33.599347 2495.233867
 33.616496 2876.152654
 33.633645 3318.066456
 33.650794 3806.954647
 33.667943 4324.710483
 33.685092 4847.722488
 33.702241 5343.109474
 33.71939 5765.64549
 33.736539 6059.979383
 33.753689 6171.021476
 33.770838 6060.584122
 33.787987 5723.46222
 33.805136 5194.69636
 33.822285 4543.344836
 33.839434 3854.673324
 33.856583 3208.228038
 33.873732 2660.498015
 33.890881 2237.626944
 33.90803 1938.380074
 33.925179 1743.499366
 33.942329 1625.940608
 33.959478 1561.120248
 33.976627 1527.695889
 33.993776 1511.718125
 34.010925 1504.629297
 34.028074 1500.0
 34.045223 1500.0
 34.062372 1500.0
 34.079521 1500.0
 34.096671 1500.0
 34.11382 1500.0
 34.130969 1500.0
 34.148118 1500.0
 34.165267 1500.0
 34.182416 1500.0
 34.199565 1500.0
 34.216714 1500.0
 34.233863 1500.0
 34.251012 1500.0
 34.268162 1500.0
 34.285311 1500.0
 34.30246 1500.0
 34.319609 1500.0
 34.336758 1500.0
 34.353907 1500.0
 34.371056 1500.0
 34.388205 1500.0
 34.405354 1500.0
 34.422503 1500.0
 34.439653 1500.0
 34.456802 1500.0
 34.473951 1500.0
 34.4911 1500.0
 34.508249 1500.0
 34.525398 1500.0
 34.542547 1500.002142
 34.559696 1501.58794
 34.576845 1504.137121
 34.593994 1510.07658
 34.611144 1522.944452
 34.628293 1548.841635
 34.645442 1597.196012
 34.662591 1680.82134
 34.67974 1814.478268
 34.696889 2011.290283
 34.714038 2277.09861
 34.731187 2604.108399
 34.748336 2966.456298
 34.765485 3320.718531
 34.782635 3613.133046
 34.799784 3792.529348
 34.816933 3824.879322
 34.834082 3703.821873
 34.851231 3452.702011
 34.86838 3117.22894
 34.885529 2751.917087
 34.902678 2405.816967
 34.919827 2112.573716
 34.936976 1887.209065
 34.954126 1728.783759
 34.971275 1626.41417
 34.988424 1565.449862
 35.005573 1532.018345
 35.022722 1515.312477
 35.039871 1508.046207
 35.05702 1505.867879
 35.074169 1505.565904
 35.091318 1508.225516
 35.108467 1511.362947
 35.125617 1514.673356
 35.142766 1517.712859
 35.159915 1519.988423
 35.177064 1521.086705
 35.194213 1520.796423
 35.211362 1519.174646
 35.228511 1516.5285
 35.24566 1513.320334
 35.262809 1510.03645
 35.279958 1507.070262
 35.297108 1504.656802
 35.314257 1502.86776
 35.331406 1501.651223
 35.348555 1500.888958
 35.365704 1500.447479
 35.382853 1500.210612
 35.400002 1500.092686
 35.417151 1500.038139
 35.4343 1500.014674
 35.451449 1506.076484
 35.468598 1515.262108
 35.485748 1535.824176
 35.502897 1578.584872
 35.520046 1661.103228
 35.537195 1808.655185
 35.554344 2052.64772
 35.571493 2424.762049
 35.588642 2946.171268
 35.605791 3613.580316
 35.62294 4386.876385
 35.64009 5185.097505
 35.657239 5896.246093
 35.674388 6401.487485
 35.691537 6607.250822
 35.708686 6473.477966
 35.725835 6026.338123
 35.742984 5349.882031
 35.760133 4560.27931
 35.777282 3773.45926
 35.794431 3078.427728
 35.811581 2524.170369
 35.82873 2121.051868
 35.845879 1851.956844
 35.863028 1686.403523
 35.880177 1592.261118
 35.897326 1542.675571
 35.914475 1518.447247
 35.931624 1507.451956
 35.948773 1502.813128
 35.965922 1500.0
 35.983072 1500.0
 36.000221 1500.0
 36.01737 1500.0
 36.034519 1500.0
 36.051668 1500.0
 36.068817 1500.0
 36.085966 1500.0
 36.103115 1501.137006
 36.120264 1502.894394
 36.137413 1506.891872
 36.154563 1515.349948
 36.171712 1531.979544
 36.188861 1562.321583
 36.20601 1613.608371
 36.223159 1693.727927
 36.240308 1809.021117
 36.257457 1961.106923
 36.274606 2143.62925
 36.291755 2340.413762
 36.308904 2526.540053
 36.326054 2672.966475
 36.343203 2753.785748
 36.360352 2753.688571
 36.377501 2672.693854
 36.39465 2526.142718
 36.411799 2339.958866
 36.428948 2143.959204
 36.446097 1962.660432
 36.463246 1813.260357
 36.480395 1703.451807
 36.497545 1633.799619
 36.514694 1601.116038
 36.531843 1601.436776
 36.548992 1631.495891
 36.566141 1688.424201
 36.58329 1768.155307
 36.600439 1863.544864
 36.617588 1962.957657
 36.634737 2052.978281
 36.651886 2117.595297
 36.669036 2144.958724
 36.686185 2129.7886
 36.703334 2075.036371
 36.720483 1990.948692
 36.737632 1891.940062
 36.754781 1792.582453
 36.77193 1704.232136
 36.789079 1633.305776
 36.806228 1581.362561
 36.823377 1546.435746
 36.840527 1524.78184
 36.857676 1512.367125
 36.874825 1505.771099
 36.891974 1502.518274
 36.909123 1501.027547
 36.926272 1500.392062
 36.943421 1500.008133
 36.96057 1500.020279
 36.977719 1500.047288
 36.994868 1500.103132
 37.012018 1500.210363
 37.029167 1500.401309
 37.046316 1500.716013
 37.063465 1501.194809
 37.080614 1501.864712
 37.097763 1502.721828
 37.114912 1503.715745
 37.132061 1504.744245
 37.14921 1505.665316
 37.166359 1506.327271
 37.183509 1506.609111
 37.200658 1506.456585
 37.217807 1505.899216
 37.234956 1505.040984
 37.252105 1504.028687
 37.269254 1503.500948
 37.286403 1503.334025
 37.303552 1504.262034
 37.320701 1507.266881
 37.33785 1513.72446
 37.355 1525.810016
 37.372149 1546.290088
 37.389298 1578.148177
 37.406447 1623.74148
 37.423596 1683.611801
 37.440745 1755.293234
 37.457894 1832.658254
 37.475043 1906.340896
 37.492192 1965.415374
 37.509341 2000.029316
 37.526491 2004.099361
 37.54364 1977.065638
 37.560789 1924.003168
 37.577938 1854.067612
 37.595087 1777.92777
 37.612236 1705.167587
 37.629385 1642.499157
 37.646534 1593.158778
 37.663683 1557.345803
 37.680832 1533.248596
 37.697982 1518.1605
 37.715131 1509.345653
 37.73228 1504.531223
 37.749429 1502.069628
 37.766578 1500.890306
 37.783727 1500.226562
 37.800876 1502.645531
 37.818025 1506.40261
 37.835174 1514.854291
 37.852323 1532.416537
 37.869473 1566.184982
 37.886622 1626.427142
 37.903771 1725.953626
 37.92092 1877.838971
 37.938069 2091.171071
 37.955218 2365.464485
 37.972367 2686.069528
 37.989516 3021.019517
 38.006665 3326.128893
 38.023814 3553.684226
 38.040964 3665.755244
 38.058113 3646.349554
 38.075262 3507.647939
 38.092411 3287.430515
 38.10956 3038.335071
 38.126709 2812.81087
 38.143858 2649.026285
 38.161007 2562.159935
 38.178156 2543.197106
 38.195305 2564.739152
 38.212455 2591.317811
 38.229604 2590.694772
 38.246753 2542.6986
 38.263902 2443.224917
 38.281051 2302.809959
 38.2982 2141.078337
 38.315349 1979.038306
 38.332498 1835.741788
 38.349647 1720.157022
 38.366796 1635.065803
 38.383946 1577.524133
 38.401095 1541.886605
 38.418244 1521.609887
 38.435393 1511.852177
 38.452542 1509.191359
 38.469691 1512.765492
 38.48684 1523.927011
 38.503989 1546.343423
 38.521138 1585.722742
 38.538287 1649.481278
 38.555437 1744.442048
 38.572586 1874.877035
 38.589735 2039.197936
 38.606884 2227.400406
 38.624033 2420.408765
 38.641182 2592.400668
 38.658331 2716.144526
 38.67548 2769.972001
 38.692629 2743.964691
 38.709778 2642.935067
 38.726928 2484.973824
 38.744077 2296.164687
 38.761226 2103.583285
 38.778375 1929.14515
 38.795524 1786.138594
 38.812673 1678.905014
 38.829822 1604.883566
 38.846971 1557.649153
 38.86412 1529.705554
 38.881269 1514.348206
 38.898419 1506.495706
 38.915568 1502.755975
 38.932717 1501.095706
 38.949866 1500.292433
 38.967015 1500.10443
 38.984164 1500.120076
 39.001313 1500.3211
 39.018462 1500.804006
 39.035611 1501.885041
 39.05276 1504.13844
 39.06991 1508.507788
 39.087059 1516.378359
 39.104208 1529.526162
 39.121357 1549.846534
 39.138506 1578.806519
 39.155655 1616.679791
 39.172804 1661.786331
 39.189953 1710.090407
 39.207102 1755.50152
 39.224251 1791.009644
 39.241401 1810.420727
 39.25855 1810.116844
 39.275699 1790.156429
 39.292848 1754.25595
 39.309997 1708.660895
 39.327146 1660.376219
 39.344295 1615.442263
 39.361444 1577.82367
 39.378593 1549.133279
 39.395742 1529.050344
 39.412892 1516.085396
 39.430041 1508.340843
 39.44719 1504.050213
 39.464339 1501.841734
 39.481488 1500.784238
 39.498637 1500.312702
 39.515786 1500.116752
 39.532935 1500.0
 39.550084 1500.0
 39.567233 1500.0
 39.584383 1500.0
 39.601532 1500.0
 39.618681 1500.0
 39.63583 1500.0
 39.652979 1500.0
 39.670128 1500.0
 39.687277 1500.0
 39.704426 1500.0
 39.721575 1500.0
 39.738724 1500.0
 39.755874 1500.0
 39.773023 1500.0
 39.790172 1500.0
 39.807321 1500.0
 39.82447 1500.0
 39.841619 1500.0
 39.858768 1500.0
 39.875917 1500.0
 39.893066 1500.0
 39.910215 1500.0
 39.927365 1500.0
 39.944514 1500.0
 39.961663 1500.0
 39.978812 1500.0
 39.995961 1500.0
 40.01311 1500.0
 40.030259 1500.0
 40.047408 1500.000011
 40.064557 1500.00003
 40.081706 1500.000077
 40.098856 1500.000183
 40.116005 1500.000409
 40.133154 1500.000855
 40.150303 1500.001676
 40.167452 1500.003077
 40.184601 1500.077481
 40.20175 1500.208428
 40.218899 1500.531026
 40.236048 1502.357536
 40.253197 1505.712463
 40.270347 1513.045818
 40.287496 1528.061187
 40.304645 1556.825712
 40.321794 1608.30791
 40.338943 1694.243639
 40.356092 1827.722062
 40.373241 2020.039108
 40.39039 2275.94783
 40.407539 2588.392672
 40.424688 2935.275372
 40.441838 3278.40749
 40.458987 3570.757403
 40.476136 3766.371351
 40.493285 3833.143702
 40.510434 3763.192435
 40.527583 3576.478513
 40.544732 3316.04611
 40.561881 3036.438877
 40.57903 2789.302998
 40.596179 2610.945757
 40.613329 2515.392801
 40.630478 2494.219287
 40.647627 2522.20058
 40.664776 2566.357258
 40.681925 2595.463082
 40.699074 2587.428182
 40.716223 2532.947353
 40.733372 2435.053433
 40.750521 2305.950692
 40.76767 2161.62233
 40.78482 2017.573982
 40.801969 1886.519322
 40.819118 1775.478193
 40.836267 1687.36759
 40.853416 1621.53384
 40.870565 1575.088208
 40.887714 1544.119651
 40.904863 1524.609572
 40.922012 1513.007488
 40.939161 1506.503369
 40.956311 1503.070747
 40.97346 1501.293979
 40.990609 1500.550173
 41.007758 1500.219414
 41.024907 1500.060663
 41.042056 1500.0
 41.059205 1500.0
 41.076354 1500.0
 41.093503 1500.0
 41.110652 1500.0
 41.127802 1500.0
 41.144951 1500.0
 41.1621 1500.0
 41.179249 1500.0
 41.196398 1500.0
 41.213547 1500.0
 41.230696 1500.0
 41.247845 1500.0
 41.264994 1500.0
 41.282143 1500.0
 41.299293 1500.0
 41.316442 1500.0
 41.333591 1500.0
 41.35074 1500.0
 41.367889 1500.0
 41.385038 1500.0
 41.402187 1500.0
 41.419336 1500.0
 41.436485 1500.0
 41.453634 1500.0
 41.470784 1500.0
 41.487933 1500.0
 41.505082 1500.0
 41.522231 1500.0
 41.53938 1500.001795
 41.556529 1500.004669
 41.573678 1500.011383
 41.590827 1500.026006
 41.607976 1500.055678
 41.625125 1500.111713
 41.642275 1500.210055
 41.659424 1500.370154
 41.676573 1500.611303
 41.693722 1500.946151
 41.710871 1501.372462
 41.72802 1501.865871
 41.745169 1502.377443
 41.762318 1502.839171
 41.779467 1503.516315
 41.796616 1504.234332
 41.813766 1505.524594
 41.830915 1508.275931
 41.848064 1514.134377
 41.865213 1525.811675
 41.882362 1547.296123
 41.899511 1583.742801
 41.91666 1640.770716
 41.933809 1722.984424
 41.950958 1831.831035
 41.968107 1963.353804
 41.985257 2106.806789
 42.002406 2245.149671
 42.019555 2357.934825
 42.036704 2426.113226
 42.053853 2437.262924
 42.071002 2389.278009
 42.088151 2291.014102
 42.1053 2159.620595
 42.122449 2015.654977
 42.139598 1877.895105
 42.156748 1759.610468
 42.173897 1667.187467
 42.191046 1600.927017
 42.208195 1557.111669
 42.225344 1530.293362
 42.242493 1515.061449
 42.259642 1507.018984
 42.276791 1503.065925
 42.29394 1501.255221
 42.311089 1500.481661
 42.328239 1500.0
 42.345388 1500.0
 42.362537 1500.586433
 42.379686 1501.514437
 42.396835 1503.666276
 42.413984 1508.320385
 42.431133 1517.701465
 42.448282 1535.304145
 42.465431 1566.007911
 42.48258 1615.697293
 42.49973 1690.112401
 42.516879 1792.860478
 42.534028 1922.973629
 42.551177 2072.707812
 42.568326 2227.03889
 42.585475 2365.455678
 42.602624 2466.151195
 42.619773 2511.856887
 42.636922 2494.882043
 42.654071 2419.651736
 42.671221 2301.569899
 42.68837 2162.65847
 42.705519 2025.67281
 42.722668 1908.800046
 42.739817 1822.496089
 42.756966 1768.936731
 42.774115 1743.565014
 42.791264 1737.725285
 42.808413 1741.420736
 42.825562 1745.575521
 42.842712 1743.54165
 42.859861 1731.814706
 42.87701 1710.939519
 42.894159 1682.669636
 42.911308 1651.902473
 42.928457 1624.897708
 42.945606 1608.191648
 42.962755 1609.288488
 42.979904 1636.380512
 42.997053 1697.984291
 43.014203 1801.601816
 43.031352 1951.147783
 43.048501 2143.577989
 43.06565 2365.971198
 43.082799 2594.764173
 43.099948 2798.619852
 43.117097 2944.680802
 43.134246 3007.012575
 43.151395 2974.104452
 43.168544 2852.017713
 43.185694 2662.750367
 43.202843 2437.665356
 43.219992 2209.045133
 43.237141 2002.772922
 43.25429 1834.309894
 43.271439 1708.455454
 43.288588 1621.8909
 43.305737 1566.839082
 43.322886 1534.371455
 43.340035 1516.576032
 43.357185 1507.49696
 43.374334 1503.179936
 43.391483 1501.264988
 43.408632 1500.471949
 43.425781 1500.0
 43.44293 1500.002718
 43.460079 1500.007229
 43.477228 1500.018039
 43.494377 1500.042228
 43.511526 1500.092729
 43.528676 1500.227081
 43.545825 1500.461826
 43.562974 1500.892639
 43.580123 1501.643326
 43.597272 1502.887357
 43.614421 1504.86619
 43.63157 1507.837397
 43.648719 1512.095126
 43.665868 1517.883936
 43.683017 1525.318386
 43.700167 1534.282799
 43.717316 1544.349719
 43.734465 1554.760402
 43.751614 1564.501899
 43.768763 1572.626928
 43.785912 1578.152416
 43.803061 1580.748742
 43.82021 1580.716053
 43.837359 1579.163145
 43.854508 1578.196183
 43.871658 1580.596601
 43.888807 1590.129844
 43.905956 1611.036508
 43.923105 1647.452442
 43.940254 1702.41681
 43.957403 1776.688834
 43.974552 1867.765527
 43.991701 1969.569847
 44.00885 2073.120272
 44.025999 2168.059449
 44.043149 2244.597029
 44.060298 2295.158627
 44.077447 2315.282536
 44.094596 2303.77116
 44.111745 2262.324191
 44.128894 2195.017429
 44.146043 2108.099067
 44.163192 2009.452022
 44.180341 1907.882547
 44.19749 1812.599029
 44.21464 1730.532155
 44.231789 1667.444325
 44.248938 1626.846817
 44.266087 1610.904454
 44.283236 1621.559218
 44.300385 1661.594734
 44.317534 1734.949355
 44.334683 1846.707915
 44.351832 2000.000614
 44.368981 2193.902006
 44.386131 2419.785616
 44.40328 2659.117632
 44.420429 2884.652481
 44.437578 3063.751697
 44.454727 3166.494998
 44.471876 3173.505137
 44.489025 3081.848957
 44.506174 2906.258873
 44.523323 2675.078846
 44.540472 2422.526037
 44.557622 2180.236734
 44.574771 1970.987209
 44.59192 1806.161947
 44.609069 1686.823697
 44.626218 1607.006829
 44.643367 1557.525503
 44.660516 1529.001344
 44.677665 1513.735376
 44.694814 1506.104571
 44.711963 1502.546007
 44.729113 1500.996441
 44.746262 1500.308158
 44.763411 1500.813496
 44.78056 1502.57879
 44.797709 1506.114085
 44.814858 1513.622413
 44.832007 1528.523363
 44.849156 1556.129037
 44.866305 1603.807603
 44.883454 1680.442354
 44.900604 1794.79959
 44.917753 1952.693049
 44.934902 2153.396575
 44.952051 2386.444192
 44.9692 2630.396325
 44.986349 2854.926939
 45.003498 3026.530598
 45.020647 3116.575552
 45.037796 3109.093782
 45.054945 3005.404494
 45.072095 2823.734483
 45.089244 2593.985165
 45.106393 2349.708045
 45.123542 2120.238236
 45.140691 1925.459846
 45.15784 1774.251309
 45.174989 1666.113909
 45.192138 1594.537877
 45.209287 1550.550111
 45.226436 1525.393772
 45.243586 1512.109983
 45.260735 1505.636579
 45.277884 1502.993808
 45.295033 1502.427074
 45.312182 1504.009266
 45.329331 1507.513869
 45.34648 1514.086037
 45.363629 1524.796897
 45.380778 1540.991694
 45.397927 1563.634187
 45.415077 1592.765541
 45.432226 1626.995738
 45.449375 1663.268324
 45.466524 1697.222377
 45.483673 1723.773926
 45.500822 1738.672872
 45.517971 1739.611691
 45.53512 1727.371858
 45.552269 1705.310749
 45.569418 1679.559107
 45.586568 1657.465843
 45.603717 1646.403215
 45.620866 1652.573094
 45.638015 1680.016694
 45.655164 1729.823861
 45.672313 1799.563524
 45.689462 1883.082671
 45.706611 1970.917429
 45.72376 2051.501294
 45.740909 2113.113839
 45.758059 2146.18922
 45.775208 2145.366344
 45.792357 2110.605015
 45.809506 2047.291975
 45.826655 1964.506633
 45.843804 1873.169581
 45.860953 1783.620487
 45.878102 1703.809729
 45.895251 1638.383756
 45.9124 1588.721132
 45.92955 1553.673925
 45.946699 1530.620999
 45.963848 1516.464173
 45.980997 1508.338602
 45.998146 1503.976245
 46.015295 1501.784428
 46.032444 1500.717392
 46.049593 1500.287337
 46.066742 1500.10805
 46.083891 1500.0
 46.101041 1500.0
 46.11819 1500.0
 46.135339 1500.0
 46.152488 1500.0
 46.169637 1500.0
 46.186786 1500.0
 46.203935 1500.0
 46.221084 1500.0
 46.238233 1500.0
 46.255382 1500.0
 46.272532 1500.0
 46.289681 1500.0
 46.30683 1500.0
 46.323979 1500.0
 46.341128 1500.331572
 46.358277 1500.843288
 46.375426 1502.014893
 46.392575 1504.522857
 46.409724 1509.538151
 46.426873 1518.897816
 46.444023 1535.177136
 46.461172 1561.519924
 46.478321 1601.08398
 46.49547 1656.050257
 46.512619 1726.342612
 46.529768 1808.454791
 46.546917 1894.951119
 46.564066 1975.143365
 46.581215 2037.078676
 46.598364 2070.407263
 46.615514 2069.203579
 46.632663 2033.687082
 46.649812 1970.156906
 46.666961 1889.167105
 46.68411 1802.667805
 46.701259 1721.173089
 46.718408 1651.856359
 46.735557 1597.964003
 46.752706 1559.378697
 46.769855 1533.816039
 46.787005 1518.09421
 46.804154 1509.096573
 46.821303 1504.296684
 46.838452 1501.906787
 46.855601 1500.795022
 46.87275 1500.31143
 46.889899 1500.0
 46.907048 1500.0
 46.924197 1500.0
 46.941346 1500.0
 46.958496 1500.0
 46.975645 1500.172981
 46.992794 1500.435818
 47.009943 1501.031543
 47.027092 1502.293801
 47.044241 1505.151874
 47.06139 1510.300666
 47.078539 1519.436351
 47.095688 1534.643755
 47.112837 1558.392752
 47.129987 1593.18002
 47.147136 1640.945173
 47.164285 1702.338456
 47.181434 1776.004633
 47.198583 1858.228827
 47.215732 1942.585819
 47.232881 2020.924662
 47.25003 2084.341662
 47.267179 2124.873574
 47.284328 2137.251009
 47.301478 2120.296234
 47.318627 2077.437073
 47.335776 2016.109697
 47.352925 1946.047299
 47.370074 1876.938215
 47.387223 1816.191063
 47.404372 1767.53122
 47.421521 1730.836296
 47.43867 1703.136288
 47.455819 1680.280469
 47.472969 1658.59265
 47.490118 1635.952026
 47.507267 1612.05886
 47.524416 1587.952502
 47.541565 1565.443241
 47.558714 1545.958313
 47.575863 1530.251356
 47.593012 1518.865501
 47.610161 1511.05177
 47.62731 1506.081935
 47.64446 1503.144157
 47.661609 1502.090761
 47.678758 1502.122045
 47.695907 1503.686395
 47.713056 1507.689998
 47.730205 1515.901297
 47.747354 1531.403099
 47.764503 1558.305135
 47.781652 1601.774486
 47.798801 1667.021326
 47.815951 1757.696489
 47.8331 1873.809975
 47.850249 2009.801276
 47.867398 2153.672136
 47.884547 2288.005002
 47.901696 2393.117098
 47.918845 2451.696048
 47.935994 2453.450436
 47.953143 2398.063558
 47.970292 2295.286784
 47.987442 2162.134803
 48.004591 2018.289954
 48.02174 1881.417184
 48.038889 1763.891722
 48.056038 1671.650817
 48.073187 1604.967967
 48.090336 1560.346815
 48.107485 1532.616255
 48.124634 1516.572622
 48.141783 1507.916271
 48.158933 1503.554816
 48.176082 1501.500635
 48.193231 1500.595509
 48.21038 1500.0
 48.227529 1500.0
 48.244678 1500.0
 48.261827 1500.0
 48.278976 1500.335998
 48.296125 1500.869441
 48.313274 1502.115409
 48.330424 1504.839356
 48.347573 1510.408985
 48.364722 1521.049668
 48.381871 1540.020878
 48.39902 1571.53539
 48.416169 1620.208968
 48.433318 1689.899164
 48.450467 1782.012481
 48.467616 1893.696663
 48.484765 2016.64536
 48.501915 2137.530572
 48.519064 2239.514835
 48.536213 2306.667833
 48.553362 2327.860126
 48.570511 2300.197789
 48.58766 2230.143431
 48.604809 2131.932113
 48.621958 2023.848079
 48.639107 1923.679252
 48.656256 1844.797151
 48.673406 1793.865883
 48.690555 1770.485762
 48.707704 1768.480442
 48.724853 1778.221123
 48.742002 1789.315516
 48.759151 1793.052716
 48.7763 1784.113627
 48.793449 1761.236044
 48.810598 1726.785469
 48.827747 1685.221865
 48.844897 1642.687044
 48.862046 1603.363036
 48.879195 1570.409811
 48.896344 1545.101061
 48.913493 1527.1659
 48.930642 1516.264158
 48.947791 1510.409325
 48.96494 1509.280798
 48.982089 1513.315508
 48.999238 1524.398913
 49.016388 1546.160564
 49.033537 1583.966651
 49.050686 1644.314578
 49.067835 1733.717687
 49.084984 1856.072435
 49.102133 2010.340702
 49.119282 2188.124379
 49.136431 2372.908108
 49.15358 2541.777583
 49.170729 2669.759436
 49.187879 2735.786512
 49.205028 2728.361154
 49.222177 2648.827647
 49.239326 2510.974956
 49.256475 2337.130635
 49.273624 2152.265
 49.290773 1978.237515
 49.307922 1829.961071
 49.325071 1714.235817
 49.34222 1630.900895
 49.35937 1575.270563
 49.376519 1540.733395
 49.393668 1520.745782
 49.410817 1509.944287
 49.427966 1504.538665
 49.445115 1502.033429
 49.462264 1501.057742
 49.479413 1500.681833
 49.496562 1501.312139
 49.513711 1502.517284
 49.530861 1504.540875
 49.54801 1507.70204
 49.565159 1512.283867
 49.582308 1518.421805
 49.599457 1525.977755
 49.616606 1534.446754
 49.633755 1542.951406
 49.650904 1550.360979
 49.668053 1555.527001
 49.685202 1557.572265
 49.702352 1556.134193
 49.719501 1551.469857
 49.73665 1544.380909
 49.753799 1535.988512
 49.770948 1527.444985
 49.788097 1519.683423
 49.805246 1513.276517
 49.822395 1508.422115
 49.839544 1505.024808
 49.856693 1502.819596
 49.873843 1501.488099
 49.890992 1500.73869
 49.908141 1500.344895
 49.92529 1500.151466
 49.942439 1500.062568
 49.959588 1500.024312
 49.976737 1500.0
 49.993886 1500.0
 50.011035 1500.0
 50.028184 1500.0
 50.045334 1500.0
 50.062483 1500.0
 50.079632 1500.0
 50.096781 1500.0
 50.11393 1500.0
 50.131079 1500.0
 50.148228 1500.0
 50.165377 1500.0
 50.182526 1500.0
 50.199675 1500.0
 50.216825 1500.0
 50.233974 1500.0
 50.251123 1500.0
 50.268272 1500.0
 50.285421 1500.0
 50.30257 1500.017808
 50.319719 1500.043712
 50.336868 1500.100979
 50.354017 1500.219542
 50.371166 1500.518882
 50.388316 1501.036083
 50.405465 1501.962959
 50.422614 1503.533518
 50.439763 1506.051691
 50.456912 1509.902937
 50.474061 1515.435367
 50.49121 1522.984083
 50.508359 1532.723496
 50.525508 1544.570519
 50.542657 1558.089692
 50.559807 1572.447778
 50.576956 1586.454356
 50.594105 1598.707976
 50.611254 1607.833042
 50.628403 1612.752142
 50.645552 1612.912893
 50.662701 1608.395204
 50.67985 1599.866172
 50.696999 1588.406334
 50.714148 1575.27388
 50.731298 1561.682458
 50.748447 1548.644286
 50.765596 1536.892933
 50.782745 1526.871144
 50.799894 1518.759111
 50.817043 1512.523425
 50.834192 1507.975641
 50.851341 1504.829238
 50.86849 1502.780696
 50.885639 1501.517389
 50.902789 1500.783481
 50.919938 1500.363095
 50.937087 1500.169275
 50.954236 1500.084081
 50.971385 1500.05449
 50.988534 1500.066322
 51.005683 1500.116848
 51.022832 1500.235996
 51.039981 1500.448619
 51.05713 1500.802675
 51.07428 1501.351724
 51.091429 1502.1425
 51.108578 1503.196216
 51.125727 1504.48778
 51.142876 1505.930677
 51.160025 1507.376517
 51.177174 1508.693604
 51.194323 1509.65553
 51.211472 1510.188502
 51.228621 1510.322002
 51.245771 1510.246836
 51.26292 1510.316454
 51.280069 1511.007446
 51.297218 1512.838988
 51.314367 1516.257191
 51.331516 1521.4989
 51.348665 1528.462468
 51.365814 1536.626818
 51.382963 1545.064308
 51.400112 1552.576022
 51.417262 1557.937923
 51.434411 1560.196526
 51.45156 1558.918812
 51.468709 1554.30601
 51.485858 1547.128112
 51.503007 1538.503401
 51.520156 1529.616875
 51.537305 1521.446656
 51.554454 1514.620461
 51.571603 1509.383058
 51.588753 1505.669048
 51.605902 1503.224472
 51.623051 1501.726593
 51.6402 1500.87037
 51.657349 1500.413048
 51.674498 1500.184535
 51.691647 1500.077613
 51.708796 1500.030731
 51.725945 1500.0
 51.743094 1500.0
 51.760244 1500.0
 51.777393 1500.0
 51.794542 1500.0
 51.811691 1500.0
 51.82884 1500.0
 51.845989 1500.0
 51.863138 1500.0
 51.880287 1500.0
 51.897436 1500.0
 51.914585 1500.0
 51.931735 1500.0
 51.948884 1500.0
 51.966033 1500.0
 51.983182 1500.0
 52.000331 1500.0
 52.01748 1500.0
 52.034629 1500.0
 52.051778 1500.0
 52.068927 1500.0
 52.086076 1500.0
 52.103226 1500.0
 52.120375 1500.0
 52.137524 1500.0
 52.154673 1500.0
 52.171822 1500.0
 52.188971 1500.0
 52.20612 1500.0
 52.223269 1500.0
 52.240418 1500.0
 52.257567 1500.541491
 52.274717 1501.295924
 52.291866 1502.920525
 52.309015 1506.197725
 52.326164 1512.384831
 52.343313 1523.304006
 52.360462 1541.29046
 52.377611 1568.887917
 52.39476 1608.219559
 52.411909 1660.078334
 52.429058 1722.970512
 52.446208 1792.422758
 52.463357 1861.113621
 52.480506 1919.913055
 52.497655 1959.822245
 52.514804 1974.189369
 52.531953 1960.718284
 52.549102 1922.017272
 52.566251 1864.894175
 52.5834 1798.491516
 52.600549 1731.973221
 52.617699 1672.553269
 52.634848 1624.412968
 52.651997 1588.64078
 52.669146 1563.955103
 52.686295 1547.782034
 52.703444 1537.435371
 52.720593 1530.911475
 52.737742 1526.54574
 52.754891 1524.286417
 52.77204 1525.072601
 52.78919 1530.657799
 52.806339 1544.547252
 52.823488 1570.045793
 52.840637 1611.246455
 52.857786 1671.620582
 52.874935 1752.716648
 52.892084 1853.187633
 52.909233 1966.417995
 52.926382 2082.093935
 52.943531 2186.752932
 52.960681 2266.818603
 52.97783 2312.130989
 52.994979 2319.046344
 53.012128 2291.718576
 53.029277 2241.145181
 53.046426 2181.931769
 53.063575 2127.941669
 53.080724 2088.314116
 53.097873 2065.212615
 53.115022 2053.99057
 53.132172 2045.554216
 53.149321 2029.931916
 53.16647 2000.147259
 53.183619 1953.291555
 53.200768 1892.326293
 53.217917 1824.155375
 53.235066 1757.756737
 53.252215 1702.110058
 53.269364 1664.806025
 53.286513 1651.797852
 53.303663 1666.2794
 53.320812 1709.08969
 53.337961 1778.362544
 53.35511 1868.642976
 53.372259 1970.610155
 53.389408 2071.640956
 53.406557 2157.597015
 53.423706 2215.613439
 53.440855 2236.968387
 53.458004 2219.71843
 53.475154 2168.108379
 53.492303 2091.837844
 53.509452 2002.933198
 53.526601 1912.686796
 53.54375 1829.471514
 53.560899 1757.746521
 53.578048 1699.331663
 53.595197 1652.872464
 53.612346 1617.352109
 53.629495 1591.996296
 53.646645 1577.059161
 53.663794 1573.875178
 53.680943 1584.545109
 53.698092 1611.329047
 53.715241 1655.47205
 53.73239 1717.542138
 53.749539 1793.905922
 53.766688 1878.218046
 53.783837 1960.964202
 53.800986 2030.839715
 53.818136 2077.037315
 53.835285 2091.833049
 53.852434 2072.585075
 53.869583 2022.530611
 53.886732 1949.724327
 53.903881 1865.021493
 53.92103 1779.386324
 53.938179 1701.644466
 53.955328 1637.228469
