res data
0.19898020721210052
0.19866185099338746
0.1993873235258123
0.19956746179776427
0.20275720441429074
0.19564877652973522
0.20026273261938332
0.2006953344163186
0.20126219127930844
0.2007914669277371
0.17782331269732876
0.20178277922977894
0.2004469796511912
0.11972461000300713
0.182360360373651
0.2038728682180782
0.204231610098757
0.20555221100605953
0.2141021382332461
0.16206841494207208
0.12703045124173673
0.2064847148243676
0.23204994589480454
0.2067838433801783
0.2067335215848598
0.21225979416778823
0.13416631160657788
0.20357104859945604
0.30961474042233084
0.19913903982665462
0.20677450464408365
0.32123916829906024
0.20990033762078125
0.18989863993734363
0.2149149433292865
0.17721276142664125
0.2209006880707934
0.21261191542574517
0.2351389713104545
0.21497743029043662
0.25085074848829114
0.21570222307564757
0.24270734579148706
0.21770688347555778
0.18299309478270953
0.2442768676997518
0.22923999864840536
0.19836922735280238
0.28067330595497114
0.1604816260088844
0.15662671063883696
peak data
 10.225123 3587.64334
 13.740689 2795.785394
 16.364501 1502.458138
 17.942218 2533.355671
 20.034409 5169.363851
 20.548882 3132.829643
 21.457784 12499.649932
 22.075151 11111.548965
 23.138396 2947.761544
 23.82436 4760.799153
 24.253087 2307.935673
 25.642164 8108.008466
 26.173786 6092.76896
 26.499619 2362.945273
 26.911198 2097.023972
 27.682907 3513.559855
 28.849046 2658.106491
 30.032334 4603.396209
 31.044131 10092.686587
 31.472858 2846.175931
 32.759041 2066.078121
 33.084874 3008.858966
 33.753689 5271.896694
 34.816933 3252.103736
 35.691537 5338.512724
 36.360352 2448.615047
 36.669036 1986.481201
 37.526491 1884.177872
 38.058113 3216.151267
 38.67548 2462.54361
 39.241401 1734.58983
Org data
 5.011797 1500.0
 5.028946 1500.0
 5.046095 1500.0
 5.063244 1500.0
 5.080393 1500.0
 5.097542 1500.0
 5.114692 1500.0
 5.131841 1500.0
 5.14899 1500.0
 5.166139 1500.0
 5.183288 1500.0
 5.200437 1500.0
 5.217586 1500.0
 5.234735 1500.0
 5.251884 1500.0
 5.269033 1500.0
 5.286182 1500.0
 5.303332 1500.0
 5.320481 1500.0
 5.33763 1500.0
 5.354779 1500.0
 5.371928 1500.0
 5.389077 1500.0
 5.406226 1500.0
 5.423375 1500.0
 5.440524 1500.0
 5.457674 1500.0
 5.474823 1500.0
 5.491972 1500.0
 5.509121 1500.0
 5.52627 1500.0
 5.543419 1500.0
 5.560568 1500.0
 5.577717 1500.0
 5.594866 1500.0
 5.612015 1500.0
 5.629164 1500.0
 5.646314 1500.0
 5.663463 1500.0
 5.680612 1500.0
 5.697761 1500.0
 5.71491 1500.0
 5.732059 1500.0
 5.749208 1500.0
 5.766357 1500.0
 5.783506 1500.0
 5.800656 1500.0
 5.817805 1500.0
 5.834954 1500.0
 5.852103 1500.0
 5.869252 1500.0
 5.886401 1500.0
 5.90355 1500.0
 5.920699 1500.0
 5.937848 1500.0
 5.954997 1500.0
 5.972147 1500.0
 5.989296 1500.0
 6.006445 1500.0
 6.023594 1500.0
 6.040743 1500.0
 6.057892 1500.0
 6.075041 1500.0
 6.09219 1500.0
 6.109339 1500.0
 6.126488 1500.0
 6.143638 1500.0
 6.160787 1500.0
 6.177936 1500.0
 6.195085 1500.0
 6.212234 1500.0
 6.229383 1500.0
 6.246532 1500.0
 6.263681 1500.0
 6.28083 1500.0
 6.297979 1500.0
 6.315129 1500.0
 6.332278 1500.0
 6.349427 1500.0
 6.366576 1500.0
 6.383725 1500.0
 6.400874 1500.0
 6.418023 1500.0
 6.435172 1500.0
 6.452321 1500.0
 6.46947 1500.0
 6.486619 1500.0
 6.503769 1500.0
 6.520918 1500.0
 6.538067 1500.0
 6.555216 1500.0
 6.572365 1500.0
 6.589514 1500.0
 6.606663 1500.0
 6.623812 1500.0
 6.640961 1500.0
 6.658111 1500.0
 6.67526 1500.0
 6.692409 1500.0
 6.709558 1500.0
 6.726707 1500.0
 6.743856 1500.0
 6.761005 1500.0
 6.778154 1500.0
 6.795303 1500.0
 6.812452 1500.0
 6.829601 1500.0
 6.846751 1500.0
 6.8639 1500.0
 6.881049 1500.0
 6.898198 1500.0
 6.915347 1500.0
 6.932496 1500.0
 6.949645 1500.0
 6.966794 1500.0
 6.983943 1500.0
 7.001093 1500.0
 7.018242 1500.0
 7.035391 1500.0
 7.05254 1500.0
 7.069689 1500.0
 7.086838 1500.0
 7.103987 1500.0
 7.121136 1500.0
 7.138285 1500.0
 7.155434 1500.0
 7.172584 1500.0
 7.189733 1500.0
 7.206882 1500.0
 7.224031 1500.0
 7.24118 1500.0
 7.258329 1500.0
 7.275478 1500.0
 7.292627 1500.0
 7.309776 1500.0
 7.326925 1500.0
 7.344074 1500.0
 7.361224 1500.0
 7.378373 1500.0
 7.395522 1500.0
 7.412671 1500.0
 7.42982 1500.0
 7.446969 1500.0
 7.464118 1500.0
 7.481267 1500.0
 7.498416 1500.0
 7.515566 1500.0
 7.532715 1500.0
 7.549864 1500.0
 7.567013 1500.0
 7.584162 1500.0
 7.601311 1500.0
 7.61846 1500.0
 7.635609 1500.0
 7.652758 1500.0
 7.669907 1500.0
 7.687057 1500.0
 7.704206 1500.0
 7.721355 1500.0
 7.738504 1500.0
 7.755653 1500.0
 7.772802 1500.0
 7.789951 1500.0
 7.8071 1500.0
 7.824249 1500.0
 7.841398 1500.0
 7.858548 1500.0
 7.875697 1500.0
 7.892846 1500.0
 7.909995 1500.0
 7.927144 1500.0
 7.944293 1500.0
 7.961442 1500.0
 7.978591 1500.0
 7.99574 1500.0
 8.012889 1500.0
 8.030038 1500.0
 8.047188 1500.0
 8.064337 1500.0
 8.081486 1500.0
 8.098635 1500.0
 8.115784 1500.0
 8.132933 1500.0
 8.150082 1500.0
 8.167231 1500.0
 8.18438 1500.0
 8.201529 1500.0
 8.218679 1500.0
 8.235828 1500.0
 8.252977 1500.0
 8.270126 1500.0
 8.287275 1500.0
 8.304424 1500.0
 8.321573 1500.0
 8.338722 1500.0
 8.355871 1500.0
 8.37302 1500.0
 8.39017 1500.0
 8.407319 1500.0
 8.424468 1500.0
 8.441617 1500.0
 8.458766 1500.0
 8.475915 1500.0
 8.493064 1500.0
 8.510213 1500.0
 8.527362 1500.0
 8.544512 1500.0
 8.561661 1500.0
 8.57881 1500.0
 8.595959 1500.0
 8.613108 1500.0
 8.630257 1500.0
 8.647406 1500.0
 8.664555 1500.0
 8.681704 1500.0
 8.698853 1500.0
 8.716003 1500.0
 8.733152 1500.0
 8.750301 1500.0
 8.76745 1500.0
 8.784599 1500.0
 8.801748 1500.0
 8.818897 1500.0
 8.836046 1500.0
 8.853195 1500.0
 8.870344 1500.0
 8.887493 1500.0
 8.904643 1500.0
 8.921792 1500.0
 8.938941 1500.0
 8.95609 1500.0
 8.973239 1500.0
 8.990388 1500.0
 9.007537 1500.0
 9.024686 1500.0
 9.041835 1500.0
 9.058985 1500.0
 9.076134 1500.0
 9.093283 1500.0
 9.110432 1500.0
 9.127581 1500.0
 9.14473 1500.0
 9.161879 1500.0
 9.179028 1500.0
 9.196177 1500.0
 9.213326 1500.0
 9.230476 1500.0
 9.247625 1500.0
 9.264774 1500.0
 9.281923 1500.0
 9.299072 1500.0
 9.316221 1500.0
 9.33337 1500.0
 9.350519 1500.0
 9.367668 1500.0
 9.384817 1500.0
 9.401967 1500.0
 9.419116 1500.0
 9.436265 1500.0
 9.453414 1500.0
 9.470563 1500.0
 9.487712 1500.0
 9.504861 1500.0
 9.52201 1500.0
 9.539159 1500.0
 9.556308 1500.0
 9.573458 1500.0
 9.590607 1500.0
 9.607756 1500.0
 9.624905 1500.0
 9.642054 1500.0
 9.659203 1500.0
 9.676352 1500.0
 9.693501 1500.0
 9.71065 1500.0
 9.727799 1500.0
 9.744948 1500.0
 9.762098 1500.0
 9.779247 1500.0
 9.796396 1500.0
 9.813545 1500.0
 9.830694 1500.0
 9.847843 1500.0
 9.864992 1500.0
 9.882141 1500.0
 9.89929 1500.0
 9.916439 1501.706516
 9.933589 1503.608053
 9.950738 1507.31739
 9.967887 1514.235129
 9.985036 1526.563758
 10.002185 1547.549022
 10.019334 1581.642931
 10.036483 1634.468766
 10.053632 1712.447165
 10.070781 1821.964467
 10.087931 1968.050978
 10.10508 2152.690419
 10.122229 2373.073481
 10.139378 2620.274274
 10.156527 2878.886147
 10.173676 3128.033495
 10.190825 3343.86645
 10.207974 3503.212668
 10.225123 3587.64334
 10.242272 3586.975367
 10.259422 3501.29062
 10.276571 3340.919448
 10.29372 3124.393006
 10.310869 2874.924835
 10.328018 2616.344138
 10.345167 2369.457215
 10.362316 2149.574444
 10.379465 1965.52156
 10.396614 1820.02234
 10.413763 1711.032743
 10.430913 1633.489713
 10.448062 1580.997841
 10.465211 1547.143954
 10.48236 1526.321136
 10.499509 1514.096407
 10.516658 1507.241632
 10.533807 1503.568517
 10.550956 1501.68679
 10.568105 1500.0
 10.585254 1500.0
 10.602404 1500.0
 10.619553 1500.0
 10.636702 1500.0
 10.653851 1500.0
 10.671 1500.0
 10.688149 1500.0
 10.705298 1500.0
 10.722447 1500.0
 10.739596 1500.0
 10.756745 1500.0
 10.773895 1500.0
 10.791044 1500.0
 10.808193 1500.0
 10.825342 1500.0
 10.842491 1500.0
 10.85964 1500.0
 10.876789 1500.0
 10.893938 1500.0
 10.911087 1500.0
 10.928236 1500.0
 10.945386 1500.0
 10.962535 1500.0
 10.979684 1500.0
 10.996833 1500.0
 11.013982 1500.0
 11.031131 1500.0
 11.04828 1500.0
 11.065429 1500.0
 11.082578 1500.0
 11.099727 1500.0
 11.116877 1500.0
 11.134026 1500.0
 11.151175 1500.0
 11.168324 1500.0
 11.185473 1500.0
 11.202622 1500.0
 11.219771 1500.0
 11.23692 1500.0
 11.254069 1500.0
 11.271218 1500.0
 11.288368 1500.0
 11.305517 1500.0
 11.322666 1500.0
 11.339815 1500.0
 11.356964 1500.0
 11.374113 1500.0
 11.391262 1500.0
 11.408411 1500.0
 11.42556 1500.0
 11.442709 1500.0
 11.459858 1500.0
 11.477008 1500.0
 11.494157 1500.0
 11.511306 1500.0
 11.528455 1500.0
 11.545604 1500.0
 11.562753 1500.0
 11.579902 1500.0
 11.597051 1500.0
 11.6142 1500.0
 11.63135 1500.0
 11.648499 1500.0
 11.665648 1500.0
 11.682797 1500.0
 11.699946 1500.0
 11.717095 1500.0
 11.734244 1500.0
 11.751393 1500.0
 11.768542 1500.0
 11.785691 1500.0
 11.802841 1500.0
 11.81999 1500.0
 11.837139 1500.0
 11.854288 1500.0
 11.871437 1500.0
 11.888586 1500.0
 11.905735 1500.0
 11.922884 1500.0
 11.940033 1500.0
 11.957182 1500.0
 11.974332 1500.0
 11.991481 1500.0
 12.00863 1500.0
 12.025779 1500.0
 12.042928 1500.0
 12.060077 1500.0
 12.077226 1500.0
 12.094375 1500.0
 12.111524 1500.0
 12.128673 1500.0
 12.145823 1500.0
 12.162972 1500.0
 12.180121 1500.0
 12.19727 1500.0
 12.214419 1500.0
 12.231568 1500.0
 12.248717 1500.0
 12.265866 1500.0
 12.283015 1500.0
 12.300164 1500.0
 12.317314 1500.0
 12.334463 1500.0
 12.351612 1500.0
 12.368761 1500.0
 12.38591 1500.0
 12.403059 1500.0
 12.420208 1500.0
 12.437357 1500.0
 12.454506 1500.0
 12.471655 1500.0
 12.488805 1500.0
 12.505954 1500.0
 12.523103 1500.0
 12.540252 1500.0
 12.557401 1500.0
 12.57455 1500.0
 12.591699 1500.0
 12.608848 1500.0
 12.625997 1500.0
 12.643146 1500.0
 12.660296 1500.0
 12.677445 1500.0
 12.694594 1500.0
 12.711743 1500.0
 12.728892 1500.0
 12.746041 1500.0
 12.76319 1500.0
 12.780339 1500.0
 12.797488 1500.0
 12.814637 1500.0
 12.831787 1500.0
 12.848936 1500.0
 12.866085 1500.0
 12.883234 1500.0
 12.900383 1500.0
 12.917532 1500.0
 12.934681 1500.0
 12.95183 1500.0
 12.968979 1500.0
 12.986128 1500.0
 13.003277 1500.0
 13.020427 1500.0
 13.037576 1500.0
 13.054725 1500.0
 13.071874 1500.0
 13.089023 1500.0
 13.106172 1500.0
 13.123321 1500.0
 13.14047 1500.0
 13.157619 1500.0
 13.174768 1500.0
 13.191918 1500.0
 13.209067 1500.0
 13.226216 1500.0
 13.243365 1500.0
 13.260514 1500.0
 13.277663 1500.0
 13.294812 1500.0
 13.311961 1500.0
 13.32911 1500.0
 13.346259 1500.0
 13.363409 1500.0
 13.380558 1500.0
 13.397707 1500.0
 13.414856 1500.879823
 13.432005 1501.875695
 13.449154 1503.836412
 13.466303 1507.528087
 13.483452 1514.172318
 13.500601 1525.597314
 13.517751 1544.355297
 13.5349 1573.738529
 13.552049 1617.609265
 13.569198 1679.964489
 13.586347 1764.198535
 13.603496 1872.110851
 13.620645 2002.820014
 13.637794 2151.855
 13.654943 2310.751055
 13.672092 2467.435303
 13.689242 2607.526183
 13.706391 2716.419672
 13.72354 2781.769482
 13.740689 2795.785394
 13.757838 2756.760486
 13.774987 2669.41257
 13.792136 2543.946758
 13.809285 2394.09516
 13.826434 2234.654961
 13.843583 2079.130934
 13.860733 1937.988983
 13.877882 1817.791334
 13.895031 1721.214035
 13.91218 1647.731943
 13.929329 1594.651284
 13.946478 1558.179269
 13.963627 1534.308279
 13.980776 1519.409652
 13.997925 1510.534742
 14.015074 1505.485506
 14.032224 1502.740282
 14.049373 1501.313284
 14.066522 1500.0
 14.083671 1500.0
 14.10082 1500.0
 14.117969 1500.0
 14.135118 1500.0
 14.152267 1500.0
 14.169416 1500.0
 14.186565 1500.0
 14.203715 1500.0
 14.220864 1500.0
 14.238013 1500.0
 14.255162 1500.0
 14.272311 1500.0
 14.28946 1500.0
 14.306609 1500.0
 14.323758 1500.0
 14.340907 1500.0
 14.358056 1500.0
 14.375206 1500.0
 14.392355 1500.0
 14.409504 1500.0
 14.426653 1500.0
 14.443802 1500.0
 14.460951 1500.0
 14.4781 1500.0
 14.495249 1500.0
 14.512398 1500.0
 14.529547 1500.0
 14.546696 1500.0
 14.563846 1500.0
 14.580995 1500.0
 14.598144 1500.0
 14.615293 1500.0
 14.632442 1500.0
 14.649591 1500.0
 14.66674 1500.0
 14.683889 1500.0
 14.701038 1500.0
 14.718187 1500.0
 14.735337 1500.0
 14.752486 1500.0
 14.769635 1500.0
 14.786784 1500.0
 14.803933 1500.0
 14.821082 1500.0
 14.838231 1500.0
 14.85538 1500.0
 14.872529 1500.0
 14.889678 1500.0
 14.906828 1500.0
 14.923977 1500.0
 14.941126 1500.0
 14.958275 1500.0
 14.975424 1500.0
 14.992573 1500.0
 15.009722 1500.0
 15.026871 1500.0
 15.04402 1500.0
 15.06117 1500.0
 15.078319 1500.0
 15.095468 1500.0
 15.112617 1500.0
 15.129766 1500.0
 15.146915 1500.0
 15.164064 1500.0
 15.181213 1500.0
 15.198362 1500.0
 15.215511 1500.0
 15.232661 1500.0
 15.24981 1500.0
 15.266959 1500.0
 15.284108 1500.0
 15.301257 1500.0
 15.318406 1500.0
 15.335555 1500.0
 15.352704 1500.0
 15.369853 1500.0
 15.387002 1500.0
 15.404152 1500.0
 15.421301 1500.0
 15.43845 1500.0
 15.455599 1500.0
 15.472748 1500.0
 15.489897 1500.0
 15.507046 1500.0
 15.524195 1500.0
 15.541344 1500.0
 15.558493 1500.0
 15.575643 1500.0
 15.592792 1500.0
 15.609941 1500.0
 15.62709 1500.0
 15.644239 1500.0
 15.661388 1500.0
 15.678537 1500.0
 15.695686 1500.0
 15.712835 1500.0
 15.729984 1500.0
 15.747134 1500.0
 15.764283 1500.0
 15.781432 1500.0
 15.798581 1500.0
 15.81573 1500.0
 15.832879 1500.0
 15.850028 1500.0
 15.867177 1500.0
 15.884326 1500.0
 15.901475 1500.0
 15.918625 1500.0
 15.935774 1500.0
 15.952923 1500.0
 15.970072 1500.0
 15.987221 1500.0
 16.00437 1500.0
 16.021519 1500.0
 16.038668 1500.0
 16.055817 1500.002559
 16.072966 1500.005319
 16.090116 1500.01061
 16.107265 1500.020309
 16.124414 1500.037308
 16.141563 1500.065767
 16.158712 1500.111256
 16.175861 1500.18061
 16.19301 1500.281363
 16.210159 1500.420632
 16.227308 1500.603456
 16.244457 1500.830805
 16.261606 1501.097647
 16.278756 1501.391675
 16.295905 1501.693265
 16.313054 1501.977082
 16.330203 1502.215326
 16.347352 1502.382125
 16.364501 1502.458138
 16.38165 1502.434237
 16.398799 1502.313317
 16.415948 1502.109715
 16.433097 1501.846413
 16.450247 1501.550783
 16.467396 1501.249944
 16.484545 1500.966824
 16.501694 1500.717666
 16.518843 1500.511229
 16.535992 1500.349484
 16.553141 1500.229275
 16.57029 1500.144346
 16.587439 1500.087211
 16.604589 1500.050566
 16.621738 1500.028136
 16.638887 1500.015024
 16.656036 1500.007699
 16.673185 1500.003786
 16.690334 1500.001787
 16.707483 1500.0
 16.724632 1500.0
 16.741781 1500.0
 16.75893 1500.0
 16.77608 1500.0
 16.793229 1500.0
 16.810378 1500.0
 16.827527 1500.0
 16.844676 1500.0
 16.861825 1500.0
 16.878974 1500.0
 16.896123 1500.0
 16.913272 1500.0
 16.930421 1500.0
 16.947571 1500.0
 16.96472 1500.0
 16.981869 1500.0
 16.999018 1500.0
 17.016167 1500.0
 17.033316 1500.0
 17.050465 1500.0
 17.067614 1500.0
 17.084763 1500.0
 17.101912 1500.0
 17.119062 1500.0
 17.136211 1500.0
 17.15336 1500.0
 17.170509 1500.0
 17.187658 1500.0
 17.204807 1500.0
 17.221956 1500.0
 17.239105 1500.0
 17.256254 1500.0
 17.273403 1500.0
 17.290553 1500.0
 17.307702 1500.0
 17.324851 1500.0
 17.342 1500.0
 17.359149 1500.0
 17.376298 1500.0
 17.393447 1500.0
 17.410596 1500.0
 17.427745 1500.0
 17.444894 1500.0
 17.462044 1500.0
 17.479193 1500.0
 17.496342 1500.0
 17.513491 1500.0
 17.53064 1500.0
 17.547789 1500.0
 17.564938 1500.0
 17.582087 1500.0
 17.599236 1500.0
 17.616385 1500.0
 17.633535 1501.143672
 17.650684 1502.366579
 17.667833 1504.700051
 17.684982 1508.958734
 17.702131 1516.389052
 17.71928 1528.775618
 17.736429 1548.490835
 17.753578 1578.425872
 17.770727 1621.737456
 17.787876 1681.365532
 17.805025 1759.329182
 17.822175 1855.889009
 17.839324 1968.75367
 17.856473 2092.573343
 17.873622 2218.964078
 17.890771 2337.22123
 17.90792 2435.710585
 17.925069 2503.717124
 17.942218 2533.355671
 17.959367 2521.073972
 17.976516 2468.352755
 17.993666 2381.412185
 18.010815 2270.005189
 18.027964 2145.620593
 18.045113 2019.553355
 18.062262 1901.284057
 18.079411 1797.469497
 18.09656 1711.641855
 18.113709 1644.520341
 18.130858 1594.716221
 18.148008 1559.57819
 18.165157 1535.968087
 18.182306 1520.840778
 18.199455 1511.589814
 18.216604 1506.185919
 18.233753 1503.168812
 18.250902 1501.557946
 18.268051 1500.735142
 18.2852 1500.0
 18.302349 1500.0
 18.319499 1500.0
 18.336648 1500.0
 18.353797 1500.0
 18.370946 1500.0
 18.388095 1500.0
 18.405244 1500.0
 18.422393 1500.0
 18.439542 1500.0
 18.456691 1500.0
 18.47384 1500.0
 18.49099 1500.0
 18.508139 1500.0
 18.525288 1500.0
 18.542437 1500.0
 18.559586 1500.0
 18.576735 1500.0
 18.593884 1500.0
 18.611033 1500.0
 18.628182 1500.0
 18.645331 1500.0
 18.662481 1500.0
 18.67963 1500.0
 18.696779 1500.0
 18.713928 1500.0
 18.731077 1500.0
 18.748226 1500.0
 18.765375 1500.0
 18.782524 1500.0
 18.799673 1500.0
 18.816822 1500.0
 18.833972 1500.0
 18.851121 1500.0
 18.86827 1500.0
 18.885419 1500.0
 18.902568 1500.0
 18.919717 1500.0
 18.936866 1500.0
 18.954015 1500.0
 18.971164 1500.0
 18.988313 1500.0
 19.005463 1500.0
 19.022612 1500.0
 19.039761 1500.0
 19.05691 1500.0
 19.074059 1500.0
 19.091208 1500.0
 19.108357 1500.0
 19.125506 1500.0
 19.142655 1500.0
 19.159804 1500.0
 19.176954 1500.0
 19.194103 1500.0
 19.211252 1500.0
 19.228401 1500.0
 19.24555 1500.0
 19.262699 1500.0
 19.279848 1500.0
 19.296997 1500.0
 19.314146 1500.0
 19.331295 1500.0
 19.348444 1500.0
 19.365594 1500.0
 19.382743 1500.0
 19.399892 1500.0
 19.417041 1500.0
 19.43419 1500.0
 19.451339 1500.0
 19.468488 1500.0
 19.485637 1500.0
 19.502786 1500.0
 19.519935 1500.0
 19.537085 1500.0
 19.554234 1500.0
 19.571383 1500.0
 19.588532 1500.0
 19.605681 1500.0
 19.62283 1500.0
 19.639979 1500.0
 19.657128 1500.0
 19.674277 1500.0
 19.691427 1500.0
 19.708576 1502.742552
 19.725725 1506.870762
 19.742874 1513.699657
 19.760023 1526.237183
 19.777172 1548.26577
 19.794321 1585.287988
 19.81147 1644.768918
 19.828619 1736.055447
 19.845768 1869.757083
 19.862918 2056.410516
 19.880067 2304.383482
 19.897216 2617.204058
 19.914365 2990.788094
 19.931514 3411.285968
 19.948663 3854.365538
 19.965812 4286.585526
 19.982961 4669.075409
 20.00011 4963.103488
 20.017259 5136.483047
 20.034409 5169.363851
 20.051558 5057.970616
 20.068707 4815.315196
 20.085856 4468.697345
 20.103005 4054.656668
 20.120154 3612.665119
 20.137303 3179.056424
 20.154452 2782.45005
 20.171601 2441.367348
 20.18875 2164.084349
 20.2059 1950.22916
 20.223049 1793.352653
 20.240198 1685.763382
 20.257347 1614.790878
 20.274496 1572.29226
 20.291645 1551.331617
 20.308794 1547.636802
 20.325943 1559.642115
 20.343092 1588.212568
 20.360241 1635.455157
 20.377391 1706.121096
 20.39454 1804.746978
 20.411689 1932.508091
 20.428838 2089.232269
 20.445987 2270.576697
 20.463136 2467.345865
 20.480285 2665.691887
 20.497434 2848.407951
 20.514583 2997.248129
 20.531732 3095.88109
 20.548882 3132.829643
 20.566031 3103.666588
 20.58318 3011.886961
 20.600329 2868.219278
 20.617478 2688.563291
 20.634627 2491.101512
 20.651776 2293.308484
 20.668925 2109.527076
 20.686074 1949.541343
 20.703223 1818.251642
 20.720373 1716.269184
 20.737522 1641.071747
 20.754671 1588.329396
 20.77182 1553.087042
 20.788969 1530.625839
 20.806118 1516.959056
 20.823267 1509.014206
 20.840416 1504.598997
 20.857565 1502.252196
 20.874714 1501.058654
 20.891863 1500.0
 20.909013 1500.0
 20.926162 1500.0
 20.943311 1500.0
 20.96046 1500.0
 20.977609 1500.0
 20.994758 1500.0
 21.011907 1500.0
 21.029056 1500.0
 21.046205 1500.0
 21.063354 1500.0
 21.080504 1500.0
 21.097653 1500.0
 21.114802 1503.489165
 21.131951 1507.690168
 21.1491 1516.271092
 21.166249 1533.049761
 21.183398 1564.445792
 21.200547 1620.642162
 21.217696 1716.813056
 21.234845 1874.073325
 21.251995 2119.606665
 21.269144 2485.295133
 21.286293 3004.215878
 21.303442 3704.703044
 21.320591 4602.33357
 21.33774 5691.095618
 21.354889 6935.874135
 21.372038 8268.866075
 21.389187 9592.243966
 21.406336 10788.17197
 21.423486 11735.318132
 21.440635 12328.885458
 21.457784 12499.649932
 21.474933 12227.239716
 21.492082 11544.129332
 21.509231 10529.276159
 21.52638 9293.112336
 21.543529 7957.8399
 21.560678 6637.866646
 21.577827 5424.627451
 21.594977 4378.291991
 21.612126 3526.715457
 21.629275 2870.164956
 21.646424 2389.356077
 21.663573 2054.244976
 21.680722 1831.628334
 21.697871 1690.513467
 21.71502 1605.081031
 21.732169 1559.330869
 21.749319 1536.308877
 21.766468 1530.562183
 21.783617 1540.09169
 21.800766 1564.799186
 21.817915 1619.953001
 21.835064 1713.251499
 21.852213 1864.092431
 21.869362 2096.992562
 21.886511 2440.076005
 21.90366 2921.650253
 21.92081 3564.701377
 21.937959 4379.753233
 21.955108 5357.319929
 21.972257 6461.89022
 21.989406 7629.689194
 22.006555 8772.072771
 22.023704 9785.239183
 22.040853 10565.202582
 22.058002 11025.200616
 22.075151 11111.548965
 22.092301 10813.94646
 22.10945 10167.494759
 22.126599 9245.890219
 22.143748 8147.607118
 22.160897 6978.655017
 22.178046 5836.061958
 22.195195 4795.552466
 22.212344 3905.30684
 22.229493 3185.856228
 22.246642 2634.688441
 22.263792 2233.393476
 22.280941 1955.197654
 22.29809 1771.308761
 22.315239 1655.283989
 22.332388 1585.346725
 22.349537 1545.044588
 22.366686 1522.829281
 22.383835 1511.110509
 22.400984 1505.192375
 22.418133 1500.0
 22.435283 1500.0
 22.452432 1500.0
 22.469581 1500.0
 22.48673 1500.0
 22.503879 1500.0
 22.521028 1500.0
 22.538177 1500.0
 22.555326 1500.0
 22.572475 1500.0
 22.589624 1500.0
 22.606773 1500.0
 22.623923 1500.0
 22.641072 1500.0
 22.658221 1500.0
 22.67537 1500.0
 22.692519 1500.0
 22.709668 1500.0
 22.726817 1500.0
 22.743966 1500.0
 22.761115 1500.0
 22.778264 1500.0
 22.795414 1500.0
 22.812563 1500.833003
 22.829712 1501.774225
 22.846861 1503.629361
 22.86401 1507.130372
 22.881159 1513.454116
 22.898308 1524.381465
 22.915457 1542.435239
 22.932606 1570.934308
 22.949755 1613.880509
 22.966905 1675.592675
 22.984054 1760.032629
 23.001203 1869.840325
 23.018352 2005.203238
 23.035501 2162.802128
 23.05265 2335.156761
 23.069799 2510.692123
 23.086948 2674.726833
 23.104097 2811.361326
 23.121246 2905.968756
 23.138396 2947.761544
 23.155545 2931.814497
 23.172694 2860.019091
 23.189843 2740.714846
 23.206992 2587.09575
 23.224141 2414.813445
 23.24129 2239.377568
 23.258439 2073.943281
 23.275588 1927.898336
 23.292738 1806.394548
 23.309887 1710.712418
 23.327036 1639.177067
 23.344185 1588.290386
 23.361334 1553.793155
 23.378483 1531.47807
 23.395632 1517.691156
 23.412781 1509.549284
 23.42993 1504.950526
 23.447079 1502.464888
 23.464229 1501.178712
 23.481378 1500.541355
 23.498527 1502.22621
 23.515676 1504.702709
 23.532825 1509.540654
 23.549974 1518.588895
 23.567123 1534.783385
 23.584272 1562.507204
 23.601421 1607.876116
 23.61857 1678.794572
 23.63572 1784.586181
 23.652869 1935.121115
 23.670018 2138.861736
 23.687167 2400.648128
 23.704316 2719.168259
 23.721465 3084.675809
 23.738614 3477.848411
 23.755763 3870.43702
 23.772912 4228.055833
 23.790061 4514.905433
 23.807211 4699.59853
 23.82436 4760.799153
 23.841509 4691.276968
 23.858658 4499.311431
 23.875807 4207.071522
 23.892956 3846.406403
 23.910105 3453.151854
 23.927254 3061.905845
 23.944403 2699.844423
 23.961552 2386.141108
 23.978702 2130.384844
 23.995851 1934.150059
 24.013 1793.36532
 24.030149 1700.957678
 24.047298 1649.144113
 24.064447 1630.99042
 24.081596 1641.114407
 24.098745 1675.612309
 24.115894 1731.418251
 24.133043 1805.375362
 24.150192 1893.320497
 24.167342 1988.47629
 24.184491 2085.764498
 24.20164 2174.545618
 24.218789 2245.956194
 24.235938 2292.197894
 24.253087 2307.935673
 24.270236 2291.310247
 24.287385 2244.299169
 24.304534 2172.330277
 24.321683 2083.251216
 24.338833 1985.925499
 24.355982 1888.801413
 24.373131 1798.767214
 24.39028 1720.489406
 24.407429 1656.276882
 24.424578 1606.37911
 24.441727 1569.546431
 24.458876 1543.666897
 24.476025 1526.332425
 24.493174 1515.250788
 24.510324 1508.483175
 24.527473 1504.532011
 24.544622 1502.325367
 24.561771 1501.145939
 24.57892 1500.542378
 24.596069 1500.0
 24.613218 1500.0
 24.630367 1500.0
 24.647516 1500.0
 24.664665 1500.0
 24.681815 1500.0
 24.698964 1500.0
 24.716113 1500.0
 24.733262 1500.0
 24.750411 1500.0
 24.76756 1500.0
 24.784709 1500.0
 24.801858 1500.0
 24.819007 1500.0
 24.836157 1500.0
 24.853306 1500.0
 24.870455 1500.0
 24.887604 1500.0
 24.904753 1500.0
 24.921902 1500.0
 24.939051 1500.0
 24.9562 1500.0
 24.973349 1500.0
 24.990498 1500.0
 25.007648 1500.0
 25.024797 1500.0
 25.041946 1500.0
 25.059095 1500.0
 25.076244 1500.0
 25.093393 1500.0
 25.110542 1500.0
 25.127691 1500.0
 25.14484 1500.0
 25.161989 1500.0
 25.179139 1500.0
 25.196288 1500.0
 25.213437 1500.0
 25.230586 1500.0
 25.247735 1500.0
 25.264884 1500.0
 25.282033 1500.0
 25.299182 1500.0
 25.316331 1504.353332
 25.33348 1509.181378
 25.35063 1518.603325
 25.367779 1536.213427
 25.384928 1567.724332
 25.402077 1621.678979
 25.419226 1710.03021
 25.436375 1848.291546
 25.453524 2054.879407
 25.470673 2349.274947
 25.487822 2748.795975
 25.504971 3264.117759
 25.522121 3894.17502
 25.53927 4621.589469
 25.556419 5410.087269
 25.573568 6205.297539
 25.590717 6939.723485
 25.607866 7541.637889
 25.625015 7946.435539
 25.642164 8108.008466
 25.659313 8007.382816
 25.676462 7656.383402
 25.693611 7095.348149
 25.710761 6385.502996
 25.72791 5597.987299
 25.745059 4802.246029
 25.762208 4056.371274
 25.779357 3401.131931
 25.796506 2858.227009
 25.813655 2432.184993
 25.830804 2116.940668
 25.847953 1894.250688
 25.865102 1747.044782
 25.882252 1658.506676
 25.899401 1615.705815
 25.91655 1610.987368
 25.933699 1642.422321
 25.950848 1713.532209
 25.967997 1832.367324
 25.985146 2009.884197
 26.002295 2256.482863
 26.019444 2583.613251
 26.036593 2991.662206
 26.053743 3473.27654
 26.070892 4008.574365
 26.088041 4564.698766
 26.10519 5098.077974
 26.122339 5559.527064
 26.139488 5901.518034
 26.156637 6086.186767
 26.173786 6092.76896
 26.190935 5920.073209
 26.208084 5588.644635
 26.225234 5135.892574
 26.242383 4609.669689
 26.259532 4060.371165
 26.276681 3533.640839
 26.29383 3065.120171
 26.310979 2677.920224
 26.328128 2382.683057
 26.345277 2179.495145
 26.362426 2060.669387
 26.379576 2013.520542
 26.396725 2022.599103
 26.413874 2071.248295
 26.431023 2142.655273
 26.448172 2220.695904
 26.465321 2290.818932
 26.48247 2341.04302
 26.499619 2362.945273
 26.516768 2351.284408
 26.533917 2309.280392
 26.551067 2239.298888
 26.568216 2148.98988
 26.585365 2047.866279
 26.602514 1944.629864
 26.619663 1847.402455
 26.636812 1762.093685
 26.653961 1692.352304
 26.67111 1639.818444
 26.688259 1604.688805
 26.705408 1586.377609
 26.722558 1584.073695
 26.739707 1597.054423
 26.756856 1624.698144
 26.774005 1666.220841
 26.791154 1720.23626
 26.808303 1784.291763
 26.825452 1854.55316
 26.842601 1925.790578
 26.85975 1991.59085
 26.876899 2045.826581
 26.894049 2082.349782
 26.911198 2097.023972
 26.928347 2088.136984
 26.945496 2056.729595
 26.962645 2006.395027
 26.979794 1942.602682
 26.996943 1871.722022
 27.014092 1799.986912
 27.031241 1732.63025
 27.04839 1673.344471
 27.06554 1624.117711
 27.082689 1585.395989
 27.099838 1556.457429
 27.116987 1535.866132
 27.134136 1521.894131
 27.151285 1512.842524
 27.168434 1507.238564
 27.185583 1503.920428
 27.202732 1502.040296
 27.219881 1501.020308
 27.23703 1500.490284
 27.25418 1500.226381
 27.271329 1500.0
 27.288478 1500.0
 27.305627 1500.0
 27.322776 1500.0
 27.339925 1501.032127
 27.357074 1502.194763
 27.374223 1504.486079
 27.391372 1508.81397
 27.408521 1516.6457
 27.425671 1530.217529
 27.44282 1552.728168
 27.459969 1588.44101
 27.477118 1642.591069
 27.494267 1720.983004
 27.511416 1829.195282
 27.528565 1971.38601
 27.545714 2148.826028
 27.562863 2358.436968
 27.580012 2591.734803
 27.597162 2834.610269
 27.614311 3068.267886
 27.63146 3271.390775
 27.648609 3423.253993
 27.665758 3507.182197
 27.682907 3513.559855
 27.700056 3441.643694
 27.717205 3299.705136
 27.734354 3103.465229
 27.751503 2873.231033
 27.768653 2630.454264
 27.785802 2394.513908
 27.802951 2180.370183
 27.8201 1997.424103
 27.837249 1849.567483
 27.854398 1736.133222
 27.871547 1653.321913
 27.888696 1595.691105
 27.905845 1557.406122
 27.922995 1533.102687
 27.940144 1518.347872
 27.957293 1509.775176
 27.974442 1505.005862
 27.991591 1502.464039
 28.00874 1501.165815
 28.025889 1500.0
 28.043038 1500.0
 28.060187 1500.0
 28.077336 1500.0
 28.094486 1500.0
 28.111635 1500.0
 28.128784 1500.0
 28.145933 1500.0
 28.163082 1500.0
 28.180231 1500.0
 28.19738 1500.0
 28.214529 1500.0
 28.231678 1500.0
 28.248827 1500.0
 28.265977 1500.0
 28.283126 1500.0
 28.300275 1500.0
 28.317424 1500.0
 28.334573 1500.0
 28.351722 1500.0
 28.368871 1500.0
 28.38602 1500.0
 28.403169 1500.0
 28.420318 1500.0
 28.437468 1500.0
 28.454617 1500.0
 28.471766 1500.0
 28.488915 1500.0
 28.506064 1500.592929
 28.523213 1501.258611
 28.540362 1502.568558
 28.557511 1505.039605
 28.57466 1509.506346
 28.591809 1517.240145
 28.608959 1530.059291
 28.626108 1550.388023
 28.643257 1581.20576
 28.660406 1625.822241
 28.677555 1687.430009
 28.694704 1768.430586
 28.711853 1869.603444
 28.729002 1989.272787
 28.746151 2122.697374
 28.7633 2261.927663
 28.78045 2396.315591
 28.797599 2513.720875
 28.814748 2602.264238
 28.831897 2652.292028
 28.849046 2658.106491
 28.866195 2619.033472
 28.883344 2539.550921
 28.900493 2428.444655
 28.917642 2297.210928
 28.934791 2158.107452
 28.95194 2022.30722
 28.96909 1898.529254
 28.986239 1792.346962
 29.003388 1706.17708
 29.020537 1639.7928
 29.037686 1591.123623
 29.054835 1557.105513
 29.071984 1534.405279
 29.089133 1519.928343
 29.106282 1511.09725
 29.123431 1505.940961
 29.140581 1503.057695
 29.15773 1501.512957
 29.174879 1500.719703
 29.192028 1500.0
 29.209177 1500.0
 29.226326 1500.0
 29.243475 1500.0
 29.260624 1500.0
 29.277773 1500.0
 29.294922 1500.0
 29.312072 1500.0
 29.329221 1500.0
 29.34637 1500.0
 29.363519 1500.0
 29.380668 1500.0
 29.397817 1500.0
 29.414966 1500.0
 29.432115 1500.0
 29.449264 1500.0
 29.466414 1500.0
 29.483563 1500.0
 29.500712 1500.0
 29.517861 1500.0
 29.53501 1500.0
 29.552159 1500.030809
 29.569308 1500.064134
 29.586457 1500.128358
 29.603606 1500.24699
 29.620755 1500.456936
 29.637905 1500.812743
 29.655054 1501.389861
 29.672203 1502.285129
 29.689352 1503.612191
 29.706501 1507.652313
 29.72365 1512.533778
 29.740799 1520.321598
 29.757948 1532.683526
 29.775097 1552.155773
 29.792246 1582.444095
 29.809396 1628.682527
 29.826545 1697.523572
 29.843694 1796.892387
 29.860843 1935.235037
 29.877992 2120.156007
 29.895141 2356.488047
 29.91229 2644.052574
 29.929439 2975.596928
 29.946588 3335.546324
 29.963737 3700.191849
 29.980887 4039.697061
 29.998036 4321.865077
 30.015185 4517.07979
 30.032334 4603.396209
 30.049483 4570.576659
 30.066632 4422.049696
 30.083781 4174.281698
 30.10093 3853.724572
 30.118079 3492.127443
 30.135228 3121.364177
 30.152378 2768.932291
 30.169527 2454.960857
 30.186676 2191.064264
 30.203825 1980.877785
 30.220974 1821.760595
 30.238123 1707.011844
 30.255272 1628.073547
 30.272421 1576.190702
 30.28957 1543.583592
 30.306719 1523.973019
 30.323869 1512.679474
 30.341018 1506.448498
 30.358167 1503.153515
 30.375316 1501.482894
 30.392465 1500.0
 30.409614 1500.0
 30.426763 1500.0
 30.443912 1500.0
 30.461061 1500.0
 30.47821 1500.0
 30.495359 1500.0
 30.512509 1500.0
 30.529658 1500.0
 30.546807 1500.0
 30.563956 1500.0
 30.581105 1500.0
 30.598254 1500.0
 30.615403 1500.0
 30.632552 1500.0
 30.649701 1500.0
 30.66685 1500.0
 30.684 1500.0
 30.701149 1504.396795
 30.718298 1509.271371
 30.735447 1518.803222
 30.752596 1536.677655
 30.769745 1568.810094
 30.786894 1624.16074
 30.804043 1715.971391
 30.821192 1860.706045
 30.838341 2079.510096
 30.855491 2395.646993
 30.87264 2831.690993
 30.889789 3404.973372
 30.906938 4121.974769
 30.924087 4972.693989
 30.941236 5926.477879
 30.958385 6930.915108
 30.975534 7915.00222
 30.992683 8796.869424
 31.009832 9495.10921
 31.026982 9941.557051
 31.044131 10092.686587
 31.06128 9936.899875
 31.078429 9495.953585
 31.095578 8820.286346
 31.112727 7979.574393
 31.129876 7050.952113
 31.147025 6108.620517
 31.164174 5212.244134
 31.181324 4405.791235
 31.198473 3714.613467
 31.215622 3148.153184
 31.232771 2703.983889
 31.24992 2372.331094
 31.267069 2140.074675
 31.284218 1993.659701
 31.301367 1920.733221
 31.318516 1910.606168
 31.335665 1953.809507
 31.352815 2041.106274
 31.369964 2162.364273
 31.387113 2303.147602
 31.404262 2456.050616
 31.421411 2600.956512
 31.43856 2722.73936
 31.455709 2807.804203
 31.472858 2846.175931
 31.490007 2832.852054
 31.507156 2769.852453
 31.524306 2663.641977
 31.541455 2525.608528
 31.558604 2369.443344
 31.575753 2208.923976
 31.592902 2055.978477
 31.610051 1919.389393
 31.6272 1804.284078
 31.644349 1712.346184
 31.661498 1642.532612
 31.678647 1592.021569
 31.695797 1557.14413
 31.712946 1534.131955
 31.730095 1519.609168
 31.747244 1510.835938
 31.764393 1505.759489
 31.781542 1502.944505
 31.798691 1501.447946
 31.81584 1500.684864
 31.832989 1500.0
 31.850138 1500.0
 31.867288 1500.0
 31.884437 1500.0
 31.901586 1500.0
 31.918735 1500.0
 31.935884 1500.0
 31.953033 1500.0
 31.970182 1500.0
 31.987331 1500.0
 32.00448 1500.0
 32.021629 1500.0
 32.038778 1500.0
 32.055928 1500.0
 32.073077 1500.0
 32.090226 1500.0
 32.107375 1500.0
 32.124524 1500.0
 32.141673 1500.0
 32.158822 1500.0
 32.175971 1500.0
 32.19312 1500.0
 32.21027 1500.0
 32.227419 1500.0
 32.244568 1500.0
 32.261717 1500.0
 32.278866 1500.0
 32.296015 1500.0
 32.313164 1500.0
 32.330313 1500.0
 32.347462 1500.0
 32.364611 1500.0
 32.38176 1500.0
 32.39891 1500.0
 32.416059 1500.0
 32.433208 1500.440659
 32.450357 1500.90985
 32.467506 1501.807271
 32.484655 1503.45353
 32.501804 1506.348776
 32.518953 1511.228051
 32.536102 1519.103222
 32.553252 1531.267798
 32.570401 1549.235329
 32.58755 1574.584006
 32.604699 1608.693676
 32.621848 1652.388775
 32.638997 1705.538026
 32.656146 1766.699521
 32.673295 1832.922746
 32.690444 1899.812345
 32.707593 1961.913551
 32.724743 2013.401611
 32.741892 2048.966684
 32.759041 2066.078121
 32.77619 2061.659634
 32.793339 2037.598473
 32.810488 1997.831322
 32.827637 1948.583411
 32.844786 1897.681339
 32.861935 1853.741187
 32.879084 1825.351495
 32.896234 1820.301985
 32.913383 1844.915447
 32.930532 1903.35539
 32.947681 1996.916149
 32.96483 2123.33778
 32.981979 2276.303675
 32.999128 2445.358608
 33.016277 2616.482416
 33.033426 2773.441339
 33.050575 2899.833453
 33.067725 2981.50783
 33.084874 3008.858966
 33.102023 2978.455178
 33.119172 2893.452466
 33.136321 2763.522866
 33.15347 2602.037908
 33.170619 2424.557944
 33.187768 2246.100826
 33.204917 2079.146165
 33.222066 1932.421773
 33.239216 1810.568201
 33.256365 1714.554564
 33.273514 1642.577518
 33.290663 1591.137689
 33.307812 1556.037626
 33.324961 1533.143411
 33.34211 1519.76679
 33.359259 1512.201481
 33.376408 1509.176014
 33.393557 1509.915997
 33.410707 1514.536104
 33.427856 1523.386691
 33.445005 1542.697331
 33.462154 1571.205189
 33.479303 1614.686733
 33.496452 1678.517569
 33.513601 1768.753963
 33.53075 1891.660944
 33.547899 2053.030927
 33.565048 2257.336725
 33.582197 2506.798153
 33.599347 2800.461186
 33.616496 3133.394731
 33.633645 3496.113184
 33.650794 3874.343808
 33.667943 4249.278809
 33.685092 4598.462262
 33.702241 4897.427587
 33.71939 5122.08894
 33.736539 5251.691779
 33.753689 5271.896694
 33.770838 5177.380515
 33.787987 4973.307701
 33.805136 4675.185588
 33.822285 4306.980016
 33.839434 3897.796458
 33.856583 3477.813559
 33.873732 3074.326346
 33.890881 2708.688371
 33.90803 2394.648155
 33.925179 2138.1863
 33.942329 1938.597165
 33.959478 1790.332888
 33.976627 1685.074824
 33.993776 1613.591073
 34.010925 1567.115936
 34.028074 1537.815726
 34.045223 1520.737308
 34.062372 1510.94078
 34.079521 1505.553428
 34.096671 1502.712014
 34.11382 1500.0
 34.130969 1500.0
 34.148118 1500.0
 34.165267 1500.0
 34.182416 1500.0
 34.199565 1500.0
 34.216714 1500.0
 34.233863 1500.0
 34.251012 1500.0
 34.268162 1500.0
 34.285311 1500.0
 34.30246 1500.0
 34.319609 1500.0
 34.336758 1500.0
 34.353907 1500.0
 34.371056 1500.0
 34.388205 1500.0
 34.405354 1500.0
 34.422503 1500.0
 34.439653 1500.0
 34.456802 1500.001268
 34.473951 1501.048556
 34.4911 1502.185
 34.508249 1504.38238
 34.525398 1508.459951
 34.542547 1515.719001
 34.559696 1528.111329
 34.576845 1548.387938
 34.593994 1580.166356
 34.611144 1627.833999
 34.628293 1696.20032
 34.645442 1789.83579
 34.662591 1912.100438
 34.67974 2063.965697
 34.696889 2242.849095
 34.714038 2441.77361
 34.731187 2649.185448
 34.748336 2849.680722
 34.765485 3025.699166
 34.782635 3159.981703
 34.799784 3238.336162
 34.816933 3252.103736
 34.834082 3199.734034
 34.851231 3087.085179
 34.86838 2926.311908
 34.885529 2733.752515
 34.902678 2527.182829
 34.919827 2323.171056
 34.936976 2135.028827
 34.954126 1971.67847
 34.971275 1837.48128
 34.988424 1732.843037
 35.005573 1655.282642
 35.022722 1600.631404
 35.039871 1564.099908
 35.05702 1541.062112
 35.074169 1527.518184
 35.091318 1520.279345
 35.108467 1516.958821
 35.125617 1515.857915
 35.142766 1515.817865
 35.159915 1515.416697
 35.177064 1515.891791
 35.194213 1515.768233
 35.211362 1515.059936
 35.228511 1513.845044
 35.24566 1512.251743
 35.262809 1510.436019
 35.279958 1508.556702
 35.297108 1506.753261
 35.314257 1505.130472
 35.331406 1503.751792
 35.348555 1502.640941
 35.365704 1505.385518
 35.382853 1508.486263
 35.400002 1515.071507
 35.417151 1527.481346
 35.4343 1549.334126
 35.451449 1585.884292
 35.468598 1644.260136
 35.485748 1733.417712
 35.502897 1863.619188
 35.520046 2045.269582
 35.537195 2287.046755
 35.554344 2593.485324
 35.571493 2962.312043
 35.588642 3382.265926
 35.605791 3832.033892
 35.62294 4280.998465
 35.64009 4692.10833
 35.657239 5026.666611
 35.674388 5250.247583
 35.691537 5338.512724
 35.708686 5281.571081
 35.725835 5085.802484
 35.742984 4772.681876
 35.760133 4374.901634
 35.777282 3930.761055
 35.794431 3478.152962
 35.811581 3049.436923
 35.82873 2668.106243
 35.845879 2347.584661
 35.863028 2091.934816
 35.880177 1897.880195
 35.897326 1757.404355
 35.914475 1660.27356
 35.931624 1596.047808
 35.948773 1555.397427
 35.965922 1530.751414
 35.983072 1516.428977
 36.000221 1508.447386
 36.01737 1504.894813
 36.034519 1503.457608
 36.051668 1502.898857
 36.068817 1505.516218
 36.085966 1510.106846
 36.103115 1517.82994
 36.120264 1530.286199
 36.137413 1549.533703
 36.154563 1578.004278
 36.171712 1618.276401
 36.188861 1672.679282
 36.20601 1742.74215
 36.223159 1828.558962
 36.240308 1928.198263
 36.257457 2037.328898
 36.274606 2149.231297
 36.291755 2255.305826
 36.308904 2346.078188
 36.326054 2412.562375
 36.343203 2448.180452
 36.360352 2448.615047
 36.377501 2414.276221
 36.39465 2349.341561
 36.411799 2261.318408
 36.428948 2159.860267
 36.446097 2055.338557
 36.463246 1957.474118
 36.480395 1874.267684
 36.497545 1811.347964
 36.514694 1771.729553
 36.531843 1755.885202
 36.548992 1762.009376
 36.566141 1786.377941
 36.58329 1823.765054
 36.600439 1867.927693
 36.617588 1912.184262
 36.634737 1950.088844
 36.651886 1976.148977
 36.669036 1986.481201
 36.686185 1979.272593
 36.703334 1954.601377
 36.720483 1915.758544
 36.737632 1866.071643
 36.754781 1810.316243
 36.77193 1753.253498
 36.789079 1698.983841
 36.806228 1650.518685
 36.823377 1609.615519
 36.840527 1576.853095
 36.857676 1551.879703
 36.874825 1533.719689
 36.891974 1521.108337
 36.909123 1512.737662
 36.926272 1507.429738
 36.943421 1504.223956
 36.96057 1502.398245
 36.977719 1501.447759
 36.994868 1501.042711
 37.012018 1500.981176
 37.029167 1501.020164
 37.046316 1501.415031
 37.063465 1501.889927
 37.080614 1502.430558
 37.097763 1503.009868
 37.114912 1503.588953
 37.132061 1504.120649
 37.14921 1504.555532
 37.166359 1504.849384
 37.183509 1505.270417
 37.200658 1505.515025
 37.217807 1505.854497
 37.234956 1506.564161
 37.252105 1507.940814
 37.269254 1510.520038
 37.286403 1514.985266
 37.303552 1522.189753
 37.320701 1533.117999
 37.33785 1548.795
 37.355 1570.134156
 37.372149 1597.729097
 37.389298 1631.61535
 37.406447 1671.049616
 37.423596 1714.36944
 37.440745 1758.995631
 37.457894 1801.618889
 37.475043 1838.571561
 37.492192 1866.335019
 37.509341 1882.088018
 37.526491 1884.177872
 37.54364 1872.403786
 37.560789 1848.052837
 37.577938 1813.65845
 37.595087 1772.57431
 37.612236 1728.436174
 37.629385 1684.643063
 37.646534 1643.954493
 37.663683 1608.262223
 37.680832 1578.545723
 37.697982 1554.978755
 37.715131 1538.670397
 37.73228 1527.312276
 37.749429 1521.286953
 37.766578 1520.626768
 37.783727 1525.997989
 37.800876 1538.894023
 37.818025 1561.739491
 37.835174 1597.855587
 37.852323 1651.223889
 37.869473 1725.879535
 37.886622 1825.646808
 37.903771 1953.045337
 37.92092 2106.533618
 37.938069 2282.461843
 37.955218 2472.841506
 37.972367 2666.111591
 37.989516 2848.273104
 38.006665 3004.81077
 38.023814 3123.050068
 38.040964 3194.43474
 38.058113 3216.151267
 38.075262 3191.639465
 38.092411 3129.79593
 38.10956 3043.024809
 38.126709 2944.609454
 38.143858 2846.06437
 38.161007 2755.119167
 38.178156 2674.788674
 38.195305 2603.665379
 38.212455 2537.232798
 38.229604 2469.746599
 38.246753 2396.132193
 38.263902 2313.413441
 38.281051 2221.382582
 38.2982 2122.466156
 38.315349 2020.961891
 38.332498 1922.403607
 38.349647 1831.144269
 38.366796 1751.65653
 38.383946 1685.975912
 38.401095 1634.978815
 38.418244 1600.123709
 38.435393 1580.190642
 38.452542 1574.960719
 38.469691 1584.534029
 38.48684 1609.464915
 38.503989 1650.615456
 38.521138 1708.746551
 38.538287 1783.920388
 38.555437 1874.840149
 38.572586 1978.292435
 38.589735 2088.648161
 38.606884 2199.018013
 38.624033 2300.12935
 38.641182 2382.820645
 38.658331 2438.914079
 38.67548 2462.54361
 38.692629 2451.164634
 38.709778 2406.005092
 38.726928 2331.847259
 38.744077 2236.194041
 38.761226 2128.020599
 38.778375 2016.398388
 38.795524 1909.280599
 38.812673 1812.664092
 38.829822 1730.223731
 38.846971 1663.39224
 38.86412 1611.767478
 38.881269 1573.687698
 38.898419 1546.823328
 38.915568 1528.877353
 38.932717 1517.334248
 38.949866 1510.426562
 38.967015 1506.781137
 38.984164 1505.513226
 39.001313 1506.17816
 39.018462 1508.444789
 39.035611 1513.189078
 39.05276 1520.268854
 39.06991 1530.499112
 39.087059 1544.216773
 39.104208 1561.763195
 39.121357 1583.122054
 39.138506 1607.782297
 39.155655 1634.655478
 39.172804 1662.086451
 39.189953 1687.981932
 39.207102 1710.054851
 39.224251 1726.150194
 39.241401 1734.58983
 39.25855 1734.460458
 39.275699 1725.776325
 39.292848 1709.476643
 39.309997 1687.258352
 39.327146 1661.285394
 39.344295 1633.843388
 39.361444 1607.01546
 39.378593 1582.441038
 39.395742 1561.190954
 39.412892 1543.759995
 39.430041 1530.151775
 39.44719 1520.01674
 39.464339 1512.80318
 39.481488 1507.890153
 39.498637 1504.684844
 39.515786 1502.680069
 39.532935 1501.477191
 39.550084 1500.784451
 39.567233 1500.401359
 39.584383 1500.19785
 39.601532 1500.0
 39.618681 1500.0
 39.63583 1500.0
 39.652979 1500.0
 39.670128 1500.0
 39.687277 1500.0
 39.704426 1500.0
 39.721575 1500.0
 39.738724 1500.0
 39.755874 1500.0
 39.773023 1500.0
 39.790172 1500.0
 39.807321 1500.0
 39.82447 1500.0
 39.841619 1500.0
 39.858768 1500.0
 39.875917 1500.0
 39.893066 1500.0
 39.910215 1500.0
 39.927365 1500.0
 39.944514 1500.0
 39.961663 1500.0
 39.978812 1500.00002
 39.995961 1500.000042
 40.01311 1500.000082
 40.030259 1500.000156
 40.047408 1500.000286
 40.064557 1500.000504
 40.081706 1500.000856
 40.098856 1500.0014
 40.116005 1500.146794
 40.133154 1500.301469
 40.150303 1500.597078
 40.167452 1502.839185
 40.184601 1505.492344
 40.20175 1510.255199
 40.218899 1518.480702
 40.236048 1532.140485
 40.253197 1553.941272
 40.270347 1587.357901
 40.287496 1636.513044
 40.304645 1705.833674
 40.321794 1799.439162
 40.338943 1920.271855
 40.356092 2069.844984
 40.373241 2244.883889
 40.39039 2439.616314
 40.407539 2644.057333
 40.424688 2844.773209
 40.441838 3026.622446
 40.458987 3174.885235
 40.476136 3277.606991
 40.493285 3327.780166
 40.510434 3324.698982
 40.527583 3274.131939
 40.544732 3187.210843
 40.561881 3078.259415
 40.57903 2962.061414
 40.596179 2851.204235
 40.613329 2754.095597
 40.630478 2674.049398
 40.647627 2609.544899
 40.664776 2555.467766
 40.681925 2504.926682
 40.699074 2451.155023
 40.716223 2389.060081
 40.733372 2316.137115
 40.750521 2232.663711
 40.76767 2141.273106
 40.78482 2046.126145
 40.801969 1951.810753
 40.819118 1863.071513
 40.836267 1783.129559
 40.853416 1713.702416
 40.870565 1656.96378
 40.887714 1611.778263
 40.904863 1577.175748
 40.922012 1551.658092
 40.939161 1533.517431
 40.956311 1521.076274
 40.97346 1512.841104
 40.990609 1507.578338
 41.007758 1504.330857
 41.024907 1502.395848
 41.042056 1501.083254
 41.059205 1500.574166
 41.076354 1500.293445
 41.093503 1500.095245
 41.110652 1500.0
 41.127802 1500.0
 41.144951 1500.0
 41.1621 1500.0
 41.179249 1500.0
 41.196398 1500.0
 41.213547 1500.0
 41.230696 1500.0
 41.247845 1500.0
 41.264994 1500.0
 41.282143 1500.0
 41.299293 1500.0
 41.316442 1500.0
 41.333591 1500.0
 41.35074 1500.0
 41.367889 1500.0
 41.385038 1500.0
 41.402187 1500.0
 41.419336 1500.0
 41.436485 1500.0
 41.453634 1500.0
 41.470784 1500.002829
 41.487933 1500.005626
 41.505082 1500.010785
 41.522231 1500.01993
 41.53938 1500.035502
 41.556529 1500.060963
 41.573678 1500.100912
 41.590827 1500.161025
 41.607976 1500.247691
 41.625125 1500.36728
 41.642275 1500.524994
 41.659424 1500.723407
 41.676573 1500.960907
 41.693722 1501.230414
 41.710871 1502.113759
 41.72802 1503.006719
 41.745169 1504.404488
 41.762318 1506.661407
 41.779467 1510.337368
 41.796616 1516.261389
 41.813766 1525.580096
 41.830915 1539.766082
 41.848064 1560.555803
 41.865213 1589.788445
 41.882362 1629.130194
 41.899511 1679.694486
 41.91666 1741.605387
 41.933809 1813.589814
 41.950958 1892.711018
 41.968107 1974.356228
 41.985257 2052.555709
 42.002406 2120.639732
 42.019555 2172.150488
 42.036704 2201.842501
 42.053853 2206.559065
 42.071002 2185.782408
 42.088151 2141.725019
 42.1053 2078.939819
 42.122449 2003.544117
 42.139598 1922.240215
 42.156748 1841.347725
 42.173897 1766.042681
 42.191046 1699.903055
 42.208195 1644.810565
 42.225344 1601.132948
 42.242493 1568.091916
 42.259642 1544.198523
 42.276791 1528.103064
 42.29394 1517.598449
 42.311089 1511.509886
 42.328239 1508.884923
 42.345388 1509.274684
 42.362537 1512.76395
 42.379686 1519.973239
 42.396835 1531.657443
 42.413984 1550.319039
 42.431133 1577.115385
 42.448282 1613.976026
 42.465431 1662.396683
 42.48258 1723.10826
 42.49973 1795.598773
 42.516879 1877.631761
 42.534028 1965.248503
 42.551177 2052.844495
 42.568326 2133.724209
 42.585475 2200.963735
 42.602624 2248.462147
 42.619773 2271.96785
 42.636922 2269.844739
 42.654071 2243.38697
 42.671221 2196.594521
 42.68837 2135.452751
 42.705519 2066.880778
 42.722668 1997.586786
 42.739817 1933.075712
 42.756966 1876.99712
 42.774115 1830.923048
 42.791264 1795.230721
 42.808413 1767.549774
 42.825562 1746.049359
 42.842712 1728.665119
 42.859861 1714.027137
 42.87701 1701.86939
 42.894159 1693.212309
 42.911308 1690.317678
 42.928457 1696.433566
 42.945606 1715.353582
 42.962755 1750.818637
 42.979904 1805.801502
 42.997053 1881.612498
 43.014203 1977.777559
 43.031352 2090.501868
 43.048501 2213.350201
 43.06565 2337.315629
 43.082799 2451.702717
 43.099948 2545.470388
 43.117097 2608.826722
 43.134246 2634.766962
 43.151395 2620.221702
 43.168544 2566.532109
 43.185694 2479.251296
 43.202843 2367.022234
 43.219992 2240.202057
 43.237141 2109.397783
 43.25429 1983.775839
 43.271439 1870.3232
 43.288588 1773.345448
 43.305737 1694.552878
 43.322886 1633.523921
 43.340035 1588.364292
 43.357185 1556.390993
 43.374334 1534.702895
 43.391483 1520.597962
 43.408632 1511.798727
 43.425781 1506.534926
 43.44293 1503.550201
 43.460079 1501.943613
 43.477228 1501.179308
 43.494377 1500.938858
 43.511526 1500.870254
 43.528676 1501.42522
 43.545825 1502.251573
 43.562974 1503.455137
 43.580123 1505.150418
 43.597272 1507.4579
 43.614421 1510.489804
 43.63157 1514.330514
 43.648719 1519.013441
 43.665868 1524.497778
 43.683017 1530.786225
 43.700167 1537.522231
 43.717316 1544.507006
 43.734465 1551.456991
 43.751614 1558.130745
 43.768763 1564.53288
 43.785912 1570.642595
 43.803061 1576.948408
 43.82021 1584.246261
 43.837359 1593.703226
 43.854508 1606.797976
 43.871658 1625.183456
 43.888807 1650.472688
 43.905956 1683.964698
 43.923105 1726.345801
 43.940254 1777.416667
 43.957403 1835.902851
 43.974552 1899.401174
 43.991701 1964.494389
 44.00885 2027.036312
 44.025999 2082.621669
 44.043149 2126.94739
 44.060298 2156.48889
 44.077447 2168.822987
 44.094596 2162.944723
 44.111745 2139.896655
 44.128894 2101.153741
 44.146043 2050.388504
 44.163192 1992.030023
 44.180341 1931.186098
 44.19749 1873.198137
 44.21464 1823.365901
 44.231789 1786.657847
 44.248938 1767.496828
 44.266087 1769.596911
 44.283236 1795.728453
 44.300385 1847.472999
 44.317534 1924.856781
 44.334683 2025.939756
 44.351832 2146.447703
 44.368981 2279.592141
 44.386131 2416.233684
 44.40328 2545.368765
 44.420429 2655.804596
 44.437578 2736.554661
 44.454727 2779.194479
 44.471876 2778.907075
 44.489025 2735.171499
 44.506174 2652.343844
 44.523323 2538.108707
 44.540472 2402.901847
 44.557622 2258.08362
 44.574771 2114.361176
 44.59192 1980.529017
 44.609069 1862.719167
 44.626218 1764.209218
 44.643367 1685.707006
 44.660516 1626.217822
 44.677665 1582.977281
 44.694814 1553.576082
 44.711963 1534.708933
 44.729113 1524.311203
 44.746262 1520.88886
 44.763411 1523.960758
 44.78056 1533.912503
 44.797709 1552.098495
 44.814858 1580.654382
 44.832007 1621.876126
 44.849156 1679.449352
 44.866305 1755.022831
 44.883454 1849.810003
 44.900604 1963.130219
 44.917753 2091.824784
 44.934902 2229.967234
 44.952051 2369.029411
 44.9692 2498.589033
 44.986349 2607.542175
 45.003498 2685.644555
 45.020647 2725.092026
 45.037796 2721.804458
 45.054945 2676.120806
 45.072095 2592.741525
 45.089244 2479.931966
 45.106393 2348.173395
 45.123542 2208.566345
 45.140691 2071.320865
 45.15784 1944.711164
 45.174989 1834.150501
 45.192138 1742.486159
 45.209287 1670.138392
 45.226436 1615.774369
 45.243586 1577.02366
 45.260735 1551.133497
 45.277884 1535.46919
 45.295033 1527.822309
 45.312182 1526.53411
 45.329331 1530.468752
 45.34648 1538.882148
 45.363629 1551.233481
 45.380778 1566.878439
 45.397927 1585.529997
 45.415077 1605.802069
 45.432226 1626.747862
 45.449375 1646.934995
 45.466524 1664.729765
 45.483673 1679.05237
 45.500822 1689.23514
 45.517971 1695.336241
 45.53512 1698.255527
 45.552269 1699.701738
 45.569418 1701.99636
 45.586568 1707.731921
 45.603717 1719.333165
 45.620866 1738.592105
 45.638015 1766.258555
 45.655164 1801.764543
 45.672313 1843.143715
 45.689462 1887.177658
 45.706611 1929.762767
 45.72376 1966.449648
 45.740909 1993.070418
 45.758059 2006.346299
 45.775208 2004.365293
 45.792357 1986.842522
 45.809506 1955.117018
 45.826655 1911.9
 45.843804 1860.820013
 45.860953 1805.875193
 45.878102 1750.847789
 45.895251 1699.083882
 45.9124 1652.840779
 45.92955 1613.494867
 45.946699 1581.508015
 45.963848 1556.605991
 45.980997 1538.011215
 45.998146 1524.677254
 46.015295 1515.486955
 46.032444 1509.394382
 46.049593 1505.507485
 46.066742 1503.120131
 46.083891 1501.70797
 46.101041 1500.903297
 46.11819 1500.416168
 46.135339 1500.207544
 46.152488 1500.099872
 46.169637 1500.0
 46.186786 1500.0
 46.203935 1500.0
 46.221084 1500.0
 46.238233 1500.0
 46.255382 1500.262865
 46.272532 1500.532577
 46.289681 1501.041521
 46.30683 1501.966039
 46.323979 1503.58224
 46.341128 1506.300227
 46.358277 1510.695408
 46.375426 1517.525833
 46.392575 1527.720471
 46.409724 1542.321755
 46.426873 1562.36893
 46.444023 1588.718647
 46.461172 1621.815875
 46.478321 1661.449092
 46.49547 1706.542956
 46.512619 1755.051889
 46.529768 1804.011736
 46.546917 1849.780857
 46.564066 1888.459577
 46.581215 1916.427982
 46.598364 1930.901884
 46.615514 1930.389269
 46.632663 1914.943638
 46.649812 1886.154815
 46.666961 1846.879388
 46.68411 1800.773953
 46.701259 1751.736733
 46.718408 1703.374979
 46.735557 1658.596243
 46.752706 1619.380274
 46.769855 1586.739392
 46.787005 1560.83368
 46.804154 1541.182763
 46.821303 1526.911028
 46.838452 1516.974156
 46.855601 1510.334485
 46.87275 1506.0734
 46.889899 1503.579329
 46.907048 1502.15635
 46.924197 1501.521408
 46.941346 1501.492059
 46.958496 1502.298209
 46.975645 1503.644921
 46.992794 1506.276789
 47.009943 1510.459588
 47.027092 1516.870028
 47.044241 1526.341436
 47.06139 1539.827573
 47.078539 1558.323781
 47.095688 1582.740447
 47.112837 1613.826224
 47.129987 1651.69214
 47.147136 1695.979714
 47.164285 1745.515832
 47.181434 1798.306582
 47.198583 1851.610869
 47.215732 1902.154865
 47.232881 1946.474958
 47.25003 1981.344683
 47.267179 2004.214398
 47.284328 2013.578999
 47.301478 2009.20172
 47.318627 1992.110702
 47.335776 1964.42245
 47.352925 1928.973965
 47.370074 1888.866942
 47.387223 1847.018207
 47.404372 1805.80682
 47.421521 1766.878315
 47.43867 1731.12267
 47.455819 1698.79848
 47.472969 1669.744707
 47.490118 1643.610456
 47.507267 1620.043634
 47.524416 1598.803524
 47.541565 1579.791409
 47.558714 1563.024066
 47.575863 1548.994382
 47.593012 1537.282765
 47.610161 1528.184562
 47.62731 1521.97762
 47.64446 1518.797035
 47.661609 1518.902785
 47.678758 1523.29197
 47.695907 1532.667451
 47.713056 1548.315858
 47.730205 1571.746982
 47.747354 1604.510661
 47.764503 1647.902887
 47.781652 1702.586143
 47.798801 1768.181666
 47.815951 1842.878152
 47.8331 1923.442174
 47.850249 2004.949221
 47.867398 2081.43435
 47.884547 2146.47705
 47.901696 2194.072774
 47.918845 2219.542332
 47.935994 2220.289544
 47.953143 2196.237197
 47.970292 2149.840187
 47.987442 2085.672757
 48.004591 2009.685681
 48.02174 1928.30051
 48.038889 1847.530779
 48.056038 1772.29285
 48.073187 1706.004736
 48.090336 1650.492841
 48.107485 1606.157779
 48.124634 1572.30774
 48.141783 1547.556986
 48.158933 1530.2023
 48.176082 1518.520872
 48.193231 1511.267573
 48.21038 1506.883959
 48.227529 1504.67056
 48.244678 1504.144938
 48.261827 1505.174132
 48.278976 1507.965606
 48.296125 1512.83648
 48.313274 1521.234076
 48.330424 1533.918975
 48.347573 1552.320495
 48.364722 1577.932494
 48.381871 1612.093591
 48.39902 1655.688433
 48.416169 1708.974973
 48.433318 1770.756254
 48.450467 1838.821391
 48.467616 1909.565446
 48.484765 1978.318212
 48.501915 2039.854421
 48.519064 2089.107404
 48.536213 2121.960994
 48.553362 2135.954171
 48.570511 2130.733521
 48.58766 2108.135581
 48.604809 2071.865338
 48.621958 2026.832466
 48.639107 1978.289993
 48.656256 1930.963749
 48.673406 1888.355182
 48.690555 1852.349356
 48.707704 1823.179743
 48.724853 1799.716266
 48.742002 1779.974392
 48.759151 1761.707289
 48.7763 1742.944044
 48.793449 1722.369573
 48.810598 1699.494313
 48.827747 1674.617165
 48.844897 1649.31047
 48.862046 1624.124178
 48.879195 1600.848514
 48.896344 1580.952261
 48.913493 1565.522913
 48.930642 1556.448856
 48.947791 1554.531515
 48.96494 1561.178737
 48.982089 1577.961356
 48.999238 1606.577532
 49.016388 1648.667629
 49.033537 1705.47357
 49.050686 1777.379349
 49.067835 1863.415321
 49.084984 1960.846564
 49.102133 2064.980111
 49.119282 2169.305961
 49.136431 2265.971077
 49.15358 2346.922763
 49.170729 2404.572568
 49.187879 2433.281434
 49.205028 2430.149869
 49.222177 2395.500424
 49.239326 2332.823035
 49.256475 2248.195805
 49.273624 2149.314271
 49.290773 2044.343852
 49.307922 1940.830862
 49.325071 1844.867743
 49.34222 1760.66451
 49.35937 1690.345399
 49.376519 1634.331866
 49.393668 1591.688571
 49.410817 1560.647948
 49.427966 1539.081971
 49.445115 1524.871975
 49.462264 1516.149179
 49.479413 1511.411393
 49.496562 1509.541172
 49.513711 1509.757957
 49.530861 1511.535073
 49.54801 1514.506362
 49.565159 1518.116365
 49.582308 1522.735562
 49.599457 1527.60527
 49.616606 1532.373996
 49.633755 1536.670728
 49.650904 1540.120158
 49.668053 1542.396162
 49.685202 1543.272524
 49.702352 1542.659986
 49.719501 1540.62122
 49.73665 1537.360273
 49.753799 1533.188912
 49.770948 1528.47757
 49.788097 1523.601568
 49.805246 1518.893306
 49.822395 1514.60849
 49.839544 1510.910236
 49.856693 1507.870378
 49.873843 1505.483916
 49.890992 1503.690804
 49.908141 1502.399316
 49.92529 1501.506577
 49.942439 1500.913764
 49.959588 1500.535324
 49.976737 1500.302929
 49.993886 1500.16558
 50.011035 1500.087421
 50.028184 1500.044583
 50.045334 1500.021962
 50.062483 1500.0
 50.079632 1500.0
 50.096781 1500.0
 50.11393 1500.0
 50.131079 1500.0
 50.148228 1500.0
 50.165377 1500.0
 50.182526 1500.0
 50.199675 1500.0
 50.216825 1500.013726
 50.233974 1500.027097
 50.251123 1500.051686
 50.268272 1500.095263
 50.285421 1500.223418
 50.30257 1500.398069
 50.319719 1500.687849
 50.336868 1501.152979
 50.354017 1501.875153
 50.371166 1502.981137
 50.388316 1504.575958
 50.405465 1506.821686
 50.422614 1509.878557
 50.439763 1513.898222
 50.456912 1518.999834
 50.474061 1525.241565
 50.49121 1532.591273
 50.508359 1540.901698
 50.525508 1549.896373
 50.542657 1559.171977
 50.559807 1568.220743
 50.576956 1576.473069
 50.594105 1583.356108
 50.611254 1588.36013
 50.628403 1591.101783
 50.645552 1591.373075
 50.662701 1589.167218
 50.67985 1584.676883
 50.696999 1578.265816
 50.714148 1570.419758
 50.731298 1561.685977
 50.748447 1552.611817
 50.765596 1543.691434
 50.782745 1535.327123
 50.799894 1527.808081
 50.817043 1521.306121
 50.834192 1515.885369
 50.851341 1511.521539
 50.86849 1508.133433
 50.885639 1505.585302
 50.902789 1503.737867
 50.919938 1502.44993
 50.937087 1501.589607
 50.954236 1501.065282
 50.971385 1500.787925
 50.988534 1500.703018
 51.005683 1500.756477
 51.022832 1500.98267
 51.039981 1501.33719
 51.05713 1501.819056
 51.07428 1502.422946
 51.091429 1503.172849
 51.108578 1504.008402
 51.125727 1504.914268
 51.142876 1505.859632
 51.160025 1506.817254
 51.177174 1507.774327
 51.194323 1508.743713
 51.211472 1509.772606
 51.228621 1510.945299
 51.245771 1512.377224
 51.26292 1514.198854
 51.280069 1516.53026
 51.297218 1519.449734
 51.314367 1522.962308
 51.331516 1526.975494
 51.348665 1531.289414
 51.365814 1535.606493
 51.382963 1539.562037
 51.400112 1542.772168
 51.417262 1544.891006
 51.434411 1545.665884
 51.45156 1544.979056
 51.468709 1542.866911
 51.485858 1539.5128
 51.503007 1535.215569
 51.520156 1530.341278
 51.537305 1525.268778
 51.554454 1520.340085
 51.571603 1515.824059
 51.588753 1511.895795
 51.605902 1508.644503
 51.623051 1506.070765
 51.6402 1504.12005
 51.657349 1502.70219
 51.674498 1501.712703
 51.691647 1501.049059
 51.708796 1500.620965
 51.725945 1500.355208
 51.743094 1500.196357
 51.760244 1500.104895
 51.777393 1500.054151
 51.794542 1500.027014
 51.811691 1500.0
 51.82884 1500.0
 51.845989 1500.0
 51.863138 1500.0
 51.880287 1500.0
 51.897436 1500.0
 51.914585 1500.0
 51.931735 1500.0
 51.948884 1500.0
 51.966033 1500.0
 51.983182 1500.0
 52.000331 1500.0
 52.01748 1500.0
 52.034629 1500.0
 52.051778 1500.0
 52.068927 1500.0
 52.086076 1500.0
 52.103226 1500.0
 52.120375 1500.0
 52.137524 1500.0
 52.154673 1500.0
 52.171822 1500.399769
 52.188971 1500.774867
 52.20612 1501.451848
 52.223269 1502.629602
 52.240418 1504.603968
 52.257567 1507.791956
 52.274717 1512.747682
 52.291866 1520.159737
 52.309015 1530.818101
 52.326164 1545.539948
 52.343313 1565.062392
 52.360462 1589.842199
 52.377611 1619.924303
 52.39476 1654.744652
 52.411909 1693.025125
 52.429058 1732.763214
 52.446208 1771.35389
 52.463357 1805.848981
 52.480506 1833.325574
 52.497655 1851.302362
 52.514804 1858.098532
 52.531953 1853.173725
 52.549102 1837.153619
 52.566251 1811.734459
 52.5834 1779.402134
 52.600549 1743.0399
 52.617699 1705.631654
 52.634848 1669.918961
 52.651997 1637.505282
 52.669146 1609.857716
 52.686295 1587.760153
 52.703444 1571.567629
 52.720593 1561.451302
 52.737742 1557.61076
 52.754891 1560.427529
 52.77204 1570.523461
 52.78919 1588.704913
 52.806339 1616.164602
 52.823488 1653.079409
 52.840637 1699.759214
 52.857786 1755.522773
 52.874935 1818.483129
 52.892084 1886.400153
 52.909233 1955.281465
 52.926382 2020.980786
 52.943531 2079.334835
 52.960681 2126.762875
 52.97783 2160.802352
 52.994979 2180.453046
 53.012128 2186.239788
 53.029277 2179.97151
 53.046426 2164.253927
 53.063575 2141.870299
 53.080724 2115.621685
 53.097873 2086.721275
 53.115022 2056.173712
 53.132172 2024.091119
 53.149321 1990.252418
 53.16647 1954.569943
 53.183619 1917.508979
 53.200768 1880.345209
 53.217917 1845.284081
 53.235066 1814.983799
 53.252215 1792.517333
 53.269364 1780.676835
 53.286513 1781.509908
 53.303663 1795.88457
 53.320812 1823.200757
 53.337961 1861.255622
 53.35511 1906.408531
 53.372259 1954.355318
 53.389408 1999.669434
 53.406557 2037.295357
 53.423706 2062.977688
 53.440855 2073.772973
 53.458004 2068.434126
 53.475154 2047.359243
 53.492303 2013.035323
 53.509452 1968.086128
 53.526601 1916.508692
 53.54375 1862.661949
 53.560899 1810.0927
 53.578048 1762.050878
 53.595197 1721.122037
 53.612346 1689.239334
 53.629495 1667.758406
 53.646645 1657.53116
 53.663794 1658.929283
 53.680943 1671.797113
 53.698092 1695.347114
 53.715241 1728.040475
 53.73239 1767.512672
 53.749539 1810.6036
 53.766688 1853.533342
 53.783837 1892.230524
 53.800986 1922.489645
 53.818136 1941.769199
 53.835285 1947.377109
 53.852434 1938.562954
 53.869583 1916.042812
 53.886732 1881.866811
 53.903881 1839.081721
 53.92103 1791.262411
 53.938179 1742.114604
 53.955328 1694.743605
