res data
0.12980169968790192
0.12868114630257638
0.12923933743262203
0.1291761265142673
0.1336779958137274
0.12882445763389924
0.12933695571528384
0.13047244230161864
0.1303529514786399
0.12938641891950228
0.12929595006057298
0.1303267412667947
0.13259060998916375
0.12682662064190664
0.130437254042122
0.13276513842315574
0.13284161698802255
0.13277715154616923
0.14056464763765958
0.13111094235547868
0.1280320044051054
0.13197383750591427
0.17051385155355003
0.1343716403915224
0.13025021739113832
0.13342911340474664
0.1360243760569058
0.12875210294848272
0.1160269498673739
0.14001037012028794
0.14252538638958373
0.06901362484247972
0.13821923071776823
0.13714226137766922
0.14403855002411947
0.08126491069176868
0.13748369048836648
0.13370891932538984
0.07143069336321808
0.13703957088746735
0.07653275189059235
0.17597574896180698
0.1438195657300156
0.1410701167122983
0.10516070115358485
0.15389257767241876
0.1404362430480309
0.16830931405399738
0.14114213852527738
0.14150861824057395
0.07767106419636066
0.14178156570533518
0.139981093265724
0.17823248940016034
0.06881791398393455
0.14209468922275575
0.13910864535868128
0.2731008171257904
0.04865927591195927
0.14129393404505372
0.1297137689524333
peak data
 10.225123 4700.781771
 13.740689 3501.555968
 16.364501 1503.79419
 17.942218 3097.467303
 20.034409 7072.303264
 20.548882 4035.219639
 21.457784 18548.721677
 22.075151 16329.012306
 23.138396 3736.900272
 23.82436 6565.721415
 24.253087 2755.772925
 25.642164 11740.553628
 26.173786 8547.34267
 26.499619 2829.308982
 26.911198 2425.014346
 27.682907 4594.191791
 28.849046 3282.009415
 30.032334 6279.13695
 31.044131 14299.130114
 31.472858 3577.026924
 32.759041 2372.290606
 33.084874 3843.132754
 33.753689 6680.967507
 34.816933 4201.679192
 35.177064 1524.504013
 35.691537 7448.222294
 36.343203 2953.422217
 36.669036 2250.807746
 37.183509 1507.693238
 37.526491 2080.55844
 38.040964 4003.786195
 38.229604 2729.09378
 38.67548 2968.97784
 39.241401 1859.870352
Org data
 5.011797 1500.0
 5.028946 1500.0
 5.046095 1500.0
 5.063244 1500.0
 5.080393 1500.0
 5.097542 1500.0
 5.114692 1500.0
 5.131841 1500.0
 5.14899 1500.0
 5.166139 1500.0
 5.183288 1500.0
 5.200437 1500.0
 5.217586 1500.0
 5.234735 1500.0
 5.251884 1500.0
 5.269033 1500.0
 5.286182 1500.0
 5.303332 1500.0
 5.320481 1500.0
 5.33763 1500.0
 5.354779 1500.0
 5.371928 1500.0
 5.389077 1500.0
 5.406226 1500.0
 5.423375 1500.0
 5.440524 1500.0
 5.457674 1500.0
 5.474823 1500.0
 5.491972 1500.0
 5.509121 1500.0
 5.52627 1500.0
 5.543419 1500.0
 5.560568 1500.0
 5.577717 1500.0
 5.594866 1500.0
 5.612015 1500.0
 5.629164 1500.0
 5.646314 1500.0
 5.663463 1500.0
 5.680612 1500.0
 5.697761 1500.0
 5.71491 1500.0
 5.732059 1500.0
 5.749208 1500.0
 5.766357 1500.0
 5.783506 1500.0
 5.800656 1500.0
 5.817805 1500.0
 5.834954 1500.0
 5.852103 1500.0
 5.869252 1500.0
 5.886401 1500.0
 5.90355 1500.0
 5.920699 1500.0
 5.937848 1500.0
 5.954997 1500.0
 5.972147 1500.0
 5.989296 1500.0
 6.006445 1500.0
 6.023594 1500.0
 6.040743 1500.0
 6.057892 1500.0
 6.075041 1500.0
 6.09219 1500.0
 6.109339 1500.0
 6.126488 1500.0
 6.143638 1500.0
 6.160787 1500.0
 6.177936 1500.0
 6.195085 1500.0
 6.212234 1500.0
 6.229383 1500.0
 6.246532 1500.0
 6.263681 1500.0
 6.28083 1500.0
 6.297979 1500.0
 6.315129 1500.0
 6.332278 1500.0
 6.349427 1500.0
 6.366576 1500.0
 6.383725 1500.0
 6.400874 1500.0
 6.418023 1500.0
 6.435172 1500.0
 6.452321 1500.0
 6.46947 1500.0
 6.486619 1500.0
 6.503769 1500.0
 6.520918 1500.0
 6.538067 1500.0
 6.555216 1500.0
 6.572365 1500.0
 6.589514 1500.0
 6.606663 1500.0
 6.623812 1500.0
 6.640961 1500.0
 6.658111 1500.0
 6.67526 1500.0
 6.692409 1500.0
 6.709558 1500.0
 6.726707 1500.0
 6.743856 1500.0
 6.761005 1500.0
 6.778154 1500.0
 6.795303 1500.0
 6.812452 1500.0
 6.829601 1500.0
 6.846751 1500.0
 6.8639 1500.0
 6.881049 1500.0
 6.898198 1500.0
 6.915347 1500.0
 6.932496 1500.0
 6.949645 1500.0
 6.966794 1500.0
 6.983943 1500.0
 7.001093 1500.0
 7.018242 1500.0
 7.035391 1500.0
 7.05254 1500.0
 7.069689 1500.0
 7.086838 1500.0
 7.103987 1500.0
 7.121136 1500.0
 7.138285 1500.0
 7.155434 1500.0
 7.172584 1500.0
 7.189733 1500.0
 7.206882 1500.0
 7.224031 1500.0
 7.24118 1500.0
 7.258329 1500.0
 7.275478 1500.0
 7.292627 1500.0
 7.309776 1500.0
 7.326925 1500.0
 7.344074 1500.0
 7.361224 1500.0
 7.378373 1500.0
 7.395522 1500.0
 7.412671 1500.0
 7.42982 1500.0
 7.446969 1500.0
 7.464118 1500.0
 7.481267 1500.0
 7.498416 1500.0
 7.515566 1500.0
 7.532715 1500.0
 7.549864 1500.0
 7.567013 1500.0
 7.584162 1500.0
 7.601311 1500.0
 7.61846 1500.0
 7.635609 1500.0
 7.652758 1500.0
 7.669907 1500.0
 7.687057 1500.0
 7.704206 1500.0
 7.721355 1500.0
 7.738504 1500.0
 7.755653 1500.0
 7.772802 1500.0
 7.789951 1500.0
 7.8071 1500.0
 7.824249 1500.0
 7.841398 1500.0
 7.858548 1500.0
 7.875697 1500.0
 7.892846 1500.0
 7.909995 1500.0
 7.927144 1500.0
 7.944293 1500.0
 7.961442 1500.0
 7.978591 1500.0
 7.99574 1500.0
 8.012889 1500.0
 8.030038 1500.0
 8.047188 1500.0
 8.064337 1500.0
 8.081486 1500.0
 8.098635 1500.0
 8.115784 1500.0
 8.132933 1500.0
 8.150082 1500.0
 8.167231 1500.0
 8.18438 1500.0
 8.201529 1500.0
 8.218679 1500.0
 8.235828 1500.0
 8.252977 1500.0
 8.270126 1500.0
 8.287275 1500.0
 8.304424 1500.0
 8.321573 1500.0
 8.338722 1500.0
 8.355871 1500.0
 8.37302 1500.0
 8.39017 1500.0
 8.407319 1500.0
 8.424468 1500.0
 8.441617 1500.0
 8.458766 1500.0
 8.475915 1500.0
 8.493064 1500.0
 8.510213 1500.0
 8.527362 1500.0
 8.544512 1500.0
 8.561661 1500.0
 8.57881 1500.0
 8.595959 1500.0
 8.613108 1500.0
 8.630257 1500.0
 8.647406 1500.0
 8.664555 1500.0
 8.681704 1500.0
 8.698853 1500.0
 8.716003 1500.0
 8.733152 1500.0
 8.750301 1500.0
 8.76745 1500.0
 8.784599 1500.0
 8.801748 1500.0
 8.818897 1500.0
 8.836046 1500.0
 8.853195 1500.0
 8.870344 1500.0
 8.887493 1500.0
 8.904643 1500.0
 8.921792 1500.0
 8.938941 1500.0
 8.95609 1500.0
 8.973239 1500.0
 8.990388 1500.0
 9.007537 1500.0
 9.024686 1500.0
 9.041835 1500.0
 9.058985 1500.0
 9.076134 1500.0
 9.093283 1500.0
 9.110432 1500.0
 9.127581 1500.0
 9.14473 1500.0
 9.161879 1500.0
 9.179028 1500.0
 9.196177 1500.0
 9.213326 1500.0
 9.230476 1500.0
 9.247625 1500.0
 9.264774 1500.0
 9.281923 1500.0
 9.299072 1500.0
 9.316221 1500.0
 9.33337 1500.0
 9.350519 1500.0
 9.367668 1500.0
 9.384817 1500.0
 9.401967 1500.0
 9.419116 1500.0
 9.436265 1500.0
 9.453414 1500.0
 9.470563 1500.0
 9.487712 1500.0
 9.504861 1500.0
 9.52201 1500.0
 9.539159 1500.0
 9.556308 1500.0
 9.573458 1500.0
 9.590607 1500.0
 9.607756 1500.0
 9.624905 1500.0
 9.642054 1500.0
 9.659203 1500.0
 9.676352 1500.0
 9.693501 1500.0
 9.71065 1500.0
 9.727799 1500.0
 9.744948 1500.0
 9.762098 1500.0
 9.779247 1500.0
 9.796396 1500.0
 9.813545 1500.0
 9.830694 1500.0
 9.847843 1500.0
 9.864992 1500.0
 9.882141 1500.0
 9.89929 1500.0
 9.916439 1500.0
 9.933589 1500.0
 9.950738 1500.0
 9.967887 1500.0
 9.985036 1500.0
 10.002185 1500.0
 10.019334 1501.401109
 10.036483 1504.612794
 10.053632 1513.745602
 10.070781 1537.076871
 10.087931 1590.534208
 10.10508 1700.134514
 10.122229 1900.551513
 10.139378 2225.850298
 10.156527 2690.996876
 10.173676 3269.573864
 10.190825 3880.8809
 10.207974 4400.884388
 10.225123 4700.781771
 10.242272 4698.304917
 10.259422 4394.163763
 10.276571 3871.717989
 10.29372 3260.082619
 10.310869 2682.830773
 10.328018 2219.809474
 10.345167 1896.643463
 10.362316 1697.901964
 10.379465 1589.401209
 10.396614 1536.564034
 10.413763 1513.537986
 10.430913 1504.537466
 10.448062 1501.376578
 10.465211 1500.0
 10.48236 1500.0
 10.499509 1500.0
 10.516658 1500.0
 10.533807 1500.0
 10.550956 1500.0
 10.568105 1500.0
 10.585254 1500.0
 10.602404 1500.0
 10.619553 1500.0
 10.636702 1500.0
 10.653851 1500.0
 10.671 1500.0
 10.688149 1500.0
 10.705298 1500.0
 10.722447 1500.0
 10.739596 1500.0
 10.756745 1500.0
 10.773895 1500.0
 10.791044 1500.0
 10.808193 1500.0
 10.825342 1500.0
 10.842491 1500.0
 10.85964 1500.0
 10.876789 1500.0
 10.893938 1500.0
 10.911087 1500.0
 10.928236 1500.0
 10.945386 1500.0
 10.962535 1500.0
 10.979684 1500.0
 10.996833 1500.0
 11.013982 1500.0
 11.031131 1500.0
 11.04828 1500.0
 11.065429 1500.0
 11.082578 1500.0
 11.099727 1500.0
 11.116877 1500.0
 11.134026 1500.0
 11.151175 1500.0
 11.168324 1500.0
 11.185473 1500.0
 11.202622 1500.0
 11.219771 1500.0
 11.23692 1500.0
 11.254069 1500.0
 11.271218 1500.0
 11.288368 1500.0
 11.305517 1500.0
 11.322666 1500.0
 11.339815 1500.0
 11.356964 1500.0
 11.374113 1500.0
 11.391262 1500.0
 11.408411 1500.0
 11.42556 1500.0
 11.442709 1500.0
 11.459858 1500.0
 11.477008 1500.0
 11.494157 1500.0
 11.511306 1500.0
 11.528455 1500.0
 11.545604 1500.0
 11.562753 1500.0
 11.579902 1500.0
 11.597051 1500.0
 11.6142 1500.0
 11.63135 1500.0
 11.648499 1500.0
 11.665648 1500.0
 11.682797 1500.0
 11.699946 1500.0
 11.717095 1500.0
 11.734244 1500.0
 11.751393 1500.0
 11.768542 1500.0
 11.785691 1500.0
 11.802841 1500.0
 11.81999 1500.0
 11.837139 1500.0
 11.854288 1500.0
 11.871437 1500.0
 11.888586 1500.0
 11.905735 1500.0
 11.922884 1500.0
 11.940033 1500.0
 11.957182 1500.0
 11.974332 1500.0
 11.991481 1500.0
 12.00863 1500.0
 12.025779 1500.0
 12.042928 1500.0
 12.060077 1500.0
 12.077226 1500.0
 12.094375 1500.0
 12.111524 1500.0
 12.128673 1500.0
 12.145823 1500.0
 12.162972 1500.0
 12.180121 1500.0
 12.19727 1500.0
 12.214419 1500.0
 12.231568 1500.0
 12.248717 1500.0
 12.265866 1500.0
 12.283015 1500.0
 12.300164 1500.0
 12.317314 1500.0
 12.334463 1500.0
 12.351612 1500.0
 12.368761 1500.0
 12.38591 1500.0
 12.403059 1500.0
 12.420208 1500.0
 12.437357 1500.0
 12.454506 1500.0
 12.471655 1500.0
 12.488805 1500.0
 12.505954 1500.0
 12.523103 1500.0
 12.540252 1500.0
 12.557401 1500.0
 12.57455 1500.0
 12.591699 1500.0
 12.608848 1500.0
 12.625997 1500.0
 12.643146 1500.0
 12.660296 1500.0
 12.677445 1500.0
 12.694594 1500.0
 12.711743 1500.0
 12.728892 1500.0
 12.746041 1500.0
 12.76319 1500.0
 12.780339 1500.0
 12.797488 1500.0
 12.814637 1500.0
 12.831787 1500.0
 12.848936 1500.0
 12.866085 1500.0
 12.883234 1500.0
 12.900383 1500.0
 12.917532 1500.0
 12.934681 1500.0
 12.95183 1500.0
 12.968979 1500.0
 12.986128 1500.0
 13.003277 1500.0
 13.020427 1500.0
 13.037576 1500.0
 13.054725 1500.0
 13.071874 1500.0
 13.089023 1500.0
 13.106172 1500.0
 13.123321 1500.0
 13.14047 1500.0
 13.157619 1500.0
 13.174768 1500.0
 13.191918 1500.0
 13.209067 1500.0
 13.226216 1500.0
 13.243365 1500.0
 13.260514 1500.0
 13.277663 1500.0
 13.294812 1500.0
 13.311961 1500.0
 13.32911 1500.0
 13.346259 1500.0
 13.363409 1500.0
 13.380558 1500.0
 13.397707 1500.0
 13.414856 1500.0
 13.432005 1500.0
 13.449154 1500.0
 13.466303 1500.0
 13.483452 1500.0
 13.500601 1500.0
 13.517751 1500.630655
 13.5349 1502.121742
 13.552049 1506.467088
 13.569198 1517.858158
 13.586347 1544.67549
 13.603496 1601.250381
 13.620645 1707.87666
 13.637794 1886.616937
 13.654943 2151.334375
 13.672092 2493.927728
 13.689242 2873.760651
 13.706391 3219.685187
 13.72354 3449.589819
 13.740689 3501.555968
 13.757838 3360.781702
 13.774987 3066.386013
 13.792136 2693.850903
 13.809285 2323.799553
 13.826434 2014.618738
 13.843583 1791.014768
 13.860733 1648.964636
 13.877882 1569.018268
 13.895031 1528.942261
 13.91218 1510.984089
 13.929329 1503.772554
 13.946478 1501.172531
 13.963627 1500.0
 13.980776 1500.0
 13.997925 1500.0
 14.015074 1500.0
 14.032224 1500.0
 14.049373 1500.0
 14.066522 1500.0
 14.083671 1500.0
 14.10082 1500.0
 14.117969 1500.0
 14.135118 1500.0
 14.152267 1500.0
 14.169416 1500.0
 14.186565 1500.0
 14.203715 1500.0
 14.220864 1500.0
 14.238013 1500.0
 14.255162 1500.0
 14.272311 1500.0
 14.28946 1500.0
 14.306609 1500.0
 14.323758 1500.0
 14.340907 1500.0
 14.358056 1500.0
 14.375206 1500.0
 14.392355 1500.0
 14.409504 1500.0
 14.426653 1500.0
 14.443802 1500.0
 14.460951 1500.0
 14.4781 1500.0
 14.495249 1500.0
 14.512398 1500.0
 14.529547 1500.0
 14.546696 1500.0
 14.563846 1500.0
 14.580995 1500.0
 14.598144 1500.0
 14.615293 1500.0
 14.632442 1500.0
 14.649591 1500.0
 14.66674 1500.0
 14.683889 1500.0
 14.701038 1500.0
 14.718187 1500.0
 14.735337 1500.0
 14.752486 1500.0
 14.769635 1500.0
 14.786784 1500.0
 14.803933 1500.0
 14.821082 1500.0
 14.838231 1500.0
 14.85538 1500.0
 14.872529 1500.0
 14.889678 1500.0
 14.906828 1500.0
 14.923977 1500.0
 14.941126 1500.0
 14.958275 1500.0
 14.975424 1500.0
 14.992573 1500.0
 15.009722 1500.0
 15.026871 1500.0
 15.04402 1500.0
 15.06117 1500.0
 15.078319 1500.0
 15.095468 1500.0
 15.112617 1500.0
 15.129766 1500.0
 15.146915 1500.0
 15.164064 1500.0
 15.181213 1500.0
 15.198362 1500.0
 15.215511 1500.0
 15.232661 1500.0
 15.24981 1500.0
 15.266959 1500.0
 15.284108 1500.0
 15.301257 1500.0
 15.318406 1500.0
 15.335555 1500.0
 15.352704 1500.0
 15.369853 1500.0
 15.387002 1500.0
 15.404152 1500.0
 15.421301 1500.0
 15.43845 1500.0
 15.455599 1500.0
 15.472748 1500.0
 15.489897 1500.0
 15.507046 1500.0
 15.524195 1500.0
 15.541344 1500.0
 15.558493 1500.0
 15.575643 1500.0
 15.592792 1500.0
 15.609941 1500.0
 15.62709 1500.0
 15.644239 1500.0
 15.661388 1500.0
 15.678537 1500.0
 15.695686 1500.0
 15.712835 1500.0
 15.729984 1500.0
 15.747134 1500.0
 15.764283 1500.0
 15.781432 1500.0
 15.798581 1500.0
 15.81573 1500.0
 15.832879 1500.0
 15.850028 1500.0
 15.867177 1500.0
 15.884326 1500.0
 15.901475 1500.0
 15.918625 1500.0
 15.935774 1500.0
 15.952923 1500.0
 15.970072 1500.0
 15.987221 1500.0
 16.00437 1500.0
 16.021519 1500.0
 16.038668 1500.0
 16.055817 1500.0
 16.072966 1500.0
 16.090116 1500.0
 16.107265 1500.0
 16.124414 1500.0
 16.141563 1500.0
 16.158712 1500.002279
 16.175861 1500.007287
 16.19301 1500.021105
 16.210159 1500.055354
 16.227308 1500.131488
 16.244457 1500.282894
 16.261606 1500.551304
 16.278756 1500.973223
 16.295905 1501.556381
 16.313054 1502.254916
 16.330203 1502.959944
 16.347352 1503.520496
 16.364501 1503.79419
 16.38165 1503.705583
 16.398799 1503.279765
 16.415948 1502.63089
 16.433097 1501.91276
 16.450247 1501.260485
 16.467396 1500.752931
 16.484545 1500.407689
 16.501694 1500.200114
 16.518843 1500.089045
 16.535992 1500.03592
 16.553141 1500.013136
 16.57029 1500.004355
 16.587439 1500.001309
 16.604589 1500.0
 16.621738 1500.0
 16.638887 1500.0
 16.656036 1500.0
 16.673185 1500.0
 16.690334 1500.0
 16.707483 1500.0
 16.724632 1500.0
 16.741781 1500.0
 16.75893 1500.0
 16.77608 1500.0
 16.793229 1500.0
 16.810378 1500.0
 16.827527 1500.0
 16.844676 1500.0
 16.861825 1500.0
 16.878974 1500.0
 16.896123 1500.0
 16.913272 1500.0
 16.930421 1500.0
 16.947571 1500.0
 16.96472 1500.0
 16.981869 1500.0
 16.999018 1500.0
 17.016167 1500.0
 17.033316 1500.0
 17.050465 1500.0
 17.067614 1500.0
 17.084763 1500.0
 17.101912 1500.0
 17.119062 1500.0
 17.136211 1500.0
 17.15336 1500.0
 17.170509 1500.0
 17.187658 1500.0
 17.204807 1500.0
 17.221956 1500.0
 17.239105 1500.0
 17.256254 1500.0
 17.273403 1500.0
 17.290553 1500.0
 17.307702 1500.0
 17.324851 1500.0
 17.342 1500.0
 17.359149 1500.0
 17.376298 1500.0
 17.393447 1500.0
 17.410596 1500.0
 17.427745 1500.0
 17.444894 1500.0
 17.462044 1500.0
 17.479193 1500.0
 17.496342 1500.0
 17.513491 1500.0
 17.53064 1500.0
 17.547789 1500.0
 17.564938 1500.0
 17.582087 1500.0
 17.599236 1500.0
 17.616385 1500.0
 17.633535 1500.0
 17.650684 1500.0
 17.667833 1500.0
 17.684982 1500.0
 17.702131 1500.0
 17.71928 1500.0
 17.736429 1501.035232
 17.753578 1503.28616
 17.770727 1509.448652
 17.787876 1524.609335
 17.805025 1558.062913
 17.822175 1624.104498
 17.839324 1740.318745
 17.856473 1921.620474
 17.873622 2170.212996
 17.890771 2465.350297
 17.90792 2759.976064
 17.925069 2990.286114
 17.942218 3097.467303
 17.959367 3051.937797
 17.976516 2866.537477
 17.993666 2590.682284
 18.010815 2289.093498
 18.027964 2017.529845
 18.045113 1807.709745
 18.062262 1665.869649
 18.079411 1581.064698
 18.09656 1535.921408
 18.113709 1514.432688
 18.130858 1505.258074
 18.148008 1501.737011
 18.165157 1500.520335
 18.182306 1500.0
 18.199455 1500.0
 18.216604 1500.0
 18.233753 1500.0
 18.250902 1500.0
 18.268051 1500.0
 18.2852 1500.0
 18.302349 1500.0
 18.319499 1500.0
 18.336648 1500.0
 18.353797 1500.0
 18.370946 1500.0
 18.388095 1500.0
 18.405244 1500.0
 18.422393 1500.0
 18.439542 1500.0
 18.456691 1500.0
 18.47384 1500.0
 18.49099 1500.0
 18.508139 1500.0
 18.525288 1500.0
 18.542437 1500.0
 18.559586 1500.0
 18.576735 1500.0
 18.593884 1500.0
 18.611033 1500.0
 18.628182 1500.0
 18.645331 1500.0
 18.662481 1500.0
 18.67963 1500.0
 18.696779 1500.0
 18.713928 1500.0
 18.731077 1500.0
 18.748226 1500.0
 18.765375 1500.0
 18.782524 1500.0
 18.799673 1500.0
 18.816822 1500.0
 18.833972 1500.0
 18.851121 1500.0
 18.86827 1500.0
 18.885419 1500.0
 18.902568 1500.0
 18.919717 1500.0
 18.936866 1500.0
 18.954015 1500.0
 18.971164 1500.0
 18.988313 1500.0
 19.005463 1500.0
 19.022612 1500.0
 19.039761 1500.0
 19.05691 1500.0
 19.074059 1500.0
 19.091208 1500.0
 19.108357 1500.0
 19.125506 1500.0
 19.142655 1500.0
 19.159804 1500.0
 19.176954 1500.0
 19.194103 1500.0
 19.211252 1500.0
 19.228401 1500.0
 19.24555 1500.0
 19.262699 1500.0
 19.279848 1500.0
 19.296997 1500.0
 19.314146 1500.0
 19.331295 1500.0
 19.348444 1500.0
 19.365594 1500.0
 19.382743 1500.0
 19.399892 1500.0
 19.417041 1500.0
 19.43419 1500.0
 19.451339 1500.0
 19.468488 1500.0
 19.485637 1500.0
 19.502786 1500.0
 19.519935 1500.0
 19.537085 1500.0
 19.554234 1500.0
 19.571383 1500.0
 19.588532 1500.0
 19.605681 1500.0
 19.62283 1500.0
 19.639979 1500.0
 19.657128 1500.0
 19.674277 1500.0
 19.691427 1500.0
 19.708576 1500.0
 19.725725 1500.0
 19.742874 1500.0
 19.760023 1500.0
 19.777172 1500.0
 19.794321 1500.0
 19.81147 1502.563097
 19.828619 1508.981525
 19.845768 1525.9133
 19.862918 1567.887781
 19.880067 1661.545787
 19.897216 1849.291071
 19.914365 2186.488369
 19.931514 2726.904977
 19.948663 3494.844745
 19.965812 4452.046104
 19.982961 5477.878063
 20.00011 6383.039631
 20.017259 6962.949635
 20.034409 7072.303264
 20.051558 6683.974423
 20.068707 5899.793004
 20.085856 4907.441682
 20.103005 3908.226221
 20.120154 3053.254275
 20.137303 2414.167264
 20.154452 1990.871426
 20.171601 1740.410676
 20.18875 1607.358915
 20.2059 1543.69699
 20.223049 1516.203468
 20.240198 1505.471568
 20.257347 1501.438267
 20.274496 1500.0
 20.291645 1500.0
 20.308794 1500.0
 20.325943 1500.0
 20.343092 1501.940504
 20.360241 1506.073639
 20.377391 1517.222004
 20.39454 1544.240824
 20.411689 1602.960849
 20.428838 1717.087687
 20.445987 1914.684145
 20.463136 2217.668693
 20.480285 2625.27925
 20.497434 3098.570769
 20.514583 3557.521462
 20.531732 3899.40549
 20.548882 4035.219639
 20.566031 3927.091881
 20.58318 3605.336313
 20.600329 3154.730813
 20.617478 2678.446053
 20.634627 2260.456251
 20.651776 1944.658337
 20.668925 1735.59791
 20.686074 1613.113372
 20.703223 1549.210544
 20.720373 1519.400262
 20.737522 1506.930505
 20.754671 1502.24353
 20.77182 1500.658126
 20.788969 1500.0
 20.806118 1500.0
 20.823267 1500.0
 20.840416 1500.0
 20.857565 1500.0
 20.874714 1500.0
 20.891863 1500.0
 20.909013 1500.0
 20.926162 1500.0
 20.943311 1500.0
 20.96046 1500.0
 20.977609 1500.0
 20.994758 1500.0
 21.011907 1500.0
 21.029056 1500.0
 21.046205 1500.0
 21.063354 1500.0
 21.080504 1500.0
 21.097653 1500.0
 21.114802 1500.0
 21.131951 1500.0
 21.1491 1500.0
 21.166249 1500.0
 21.183398 1500.0
 21.200547 1500.0
 21.217696 1500.0
 21.234845 1505.074891
 21.251995 1517.033346
 21.269144 1551.851497
 21.286293 1643.155087
 21.303442 1858.451982
 21.320591 2314.005277
 21.33774 3176.438661
 21.354889 4631.147998
 21.372038 6803.535052
 21.389187 9646.349326
 21.406336 12847.119975
 21.423486 15832.509232
 21.440635 17915.777182
 21.457784 18548.721677
 21.474933 17554.686161
 21.492082 15208.183589
 21.509231 12112.426072
 21.52638 8948.946693
 21.543529 6240.33941
 21.560678 4234.939009
 21.577827 2930.536704
 21.594977 2178.34935
 21.612126 1791.609092
 21.629275 1613.640354
 21.646424 1540.145692
 21.663573 1512.856169
 21.680722 1500.0
 21.697871 1500.0
 21.71502 1500.0
 21.732169 1500.0
 21.749319 1500.0
 21.766468 1500.0
 21.783617 1500.0
 21.800766 1500.0
 21.817915 1500.0
 21.835064 1500.0
 21.852213 1506.011449
 21.869362 1519.545203
 21.886511 1557.712397
 21.90366 1654.763822
 21.92081 1876.912581
 21.937959 2333.639192
 21.955108 3174.454799
 21.972257 4554.318184
 21.989406 6559.234375
 22.006555 9109.669613
 22.023704 11892.85967
 22.040853 14387.470659
 22.058002 16008.965968
 22.075151 16329.012306
 22.092301 15258.283905
 22.10945 13086.72404
 22.126599 10356.633727
 22.143748 7644.055377
 22.160897 5368.001226
 22.178046 3709.682636
 22.195195 2645.386744
 22.212344 2038.667937
 22.229493 1729.829275
 22.246642 1588.955817
 22.263792 1531.231924
 22.280941 1509.946042
 22.29809 1500.0
 22.315239 1500.0
 22.332388 1500.0
 22.349537 1500.0
 22.366686 1500.0
 22.383835 1500.0
 22.400984 1500.0
 22.418133 1500.0
 22.435283 1500.0
 22.452432 1500.0
 22.469581 1500.0
 22.48673 1500.0
 22.503879 1500.0
 22.521028 1500.0
 22.538177 1500.0
 22.555326 1500.0
 22.572475 1500.0
 22.589624 1500.0
 22.606773 1500.0
 22.623923 1500.0
 22.641072 1500.0
 22.658221 1500.0
 22.67537 1500.0
 22.692519 1500.0
 22.709668 1500.0
 22.726817 1500.0
 22.743966 1500.0
 22.761115 1500.0
 22.778264 1500.0
 22.795414 1500.0
 22.812563 1500.0
 22.829712 1500.0
 22.846861 1500.0
 22.86401 1500.0
 22.881159 1500.0
 22.898308 1500.0
 22.915457 1500.0
 22.932606 1501.616156
 22.949755 1505.035986
 22.966905 1514.238436
 22.984054 1536.528878
 23.001203 1585.040761
 23.018352 1679.661874
 23.035501 1844.46471
 23.05265 2099.399396
 23.069799 2446.659799
 23.086948 2857.067623
 23.104097 3265.887993
 23.121246 3585.947462
 23.138396 3736.900272
 23.155545 3677.796768
 23.172694 3425.039328
 23.189843 3045.03015
 23.206992 2625.984004
 23.224141 2245.156067
 23.24129 1947.819111
 23.258439 1744.409186
 23.275588 1621.146092
 23.292738 1554.53732
 23.309887 1522.298933
 23.327036 1508.281164
 23.344185 1502.793342
 23.361334 1500.855832
 23.378483 1500.0
 23.395632 1500.0
 23.412781 1500.0
 23.42993 1500.0
 23.447079 1500.0
 23.464229 1500.0
 23.481378 1500.0
 23.498527 1500.0
 23.515676 1500.0
 23.532825 1500.0
 23.549974 1500.0
 23.567123 1500.0
 23.584272 1500.0
 23.601421 1500.0
 23.61857 1504.5342
 23.63572 1513.937529
 23.652869 1538.925162
 23.670018 1598.579211
 23.687167 1726.196867
 23.704316 1970.338939
 23.721465 2386.388566
 23.738614 3014.197934
 23.755763 3844.958071
 23.772912 4792.481575
 23.790061 5691.636914
 23.807211 6338.907316
 23.82436 6565.721415
 23.841509 6309.379735
 23.858658 5641.052649
 23.875807 4733.879304
 23.892956 3790.568174
 23.910105 2971.573329
 23.927254 2357.533234
 23.944403 1953.272966
 23.961552 1717.328449
 23.978702 1594.520951
 23.995851 1537.290664
 24.013 1513.345583
 24.030149 1504.332558
 24.047298 1501.11605
 24.064447 1503.4297
 24.081596 1509.559911
 24.098745 1524.169588
 24.115894 1555.423452
 24.133043 1615.270144
 24.150192 1717.446195
 24.167342 1872.094521
 24.184491 2077.243721
 24.20164 2311.909033
 24.218789 2535.453123
 24.235938 2697.44845
 24.253087 2755.772925
 24.270236 2694.303591
 24.287385 2530.116206
 24.304534 2305.826802
 24.321683 2071.7355
 24.338833 1867.92448
 24.355982 1714.754755
 24.373131 1613.698959
 24.39028 1554.601883
 24.407429 1523.784985
 24.424578 1509.398273
 24.441727 1503.368589
 24.458876 1501.095234
 24.476025 1500.0
 24.493174 1500.0
 24.510324 1500.0
 24.527473 1500.0
 24.544622 1500.0
 24.561771 1500.0
 24.57892 1500.0
 24.596069 1500.0
 24.613218 1500.0
 24.630367 1500.0
 24.647516 1500.0
 24.664665 1500.0
 24.681815 1500.0
 24.698964 1500.0
 24.716113 1500.0
 24.733262 1500.0
 24.750411 1500.0
 24.76756 1500.0
 24.784709 1500.0
 24.801858 1500.0
 24.819007 1500.0
 24.836157 1500.0
 24.853306 1500.0
 24.870455 1500.0
 24.887604 1500.0
 24.904753 1500.0
 24.921902 1500.0
 24.939051 1500.0
 24.9562 1500.0
 24.973349 1500.0
 24.990498 1500.0
 25.007648 1500.0
 25.024797 1500.0
 25.041946 1500.0
 25.059095 1500.0
 25.076244 1500.0
 25.093393 1500.0
 25.110542 1500.0
 25.127691 1500.0
 25.14484 1500.0
 25.161989 1500.0
 25.179139 1500.0
 25.196288 1500.0
 25.213437 1500.0
 25.230586 1500.0
 25.247735 1500.0
 25.264884 1500.0
 25.282033 1500.0
 25.299182 1500.0
 25.316331 1500.0
 25.33348 1500.0
 25.35063 1500.0
 25.367779 1500.0
 25.384928 1500.0
 25.402077 1500.0
 25.419226 1500.0
 25.436375 1508.62397
 25.453524 1526.459025
 25.470673 1573.701114
 25.487822 1686.387242
 25.504971 1927.96565
 25.522121 2392.19806
 25.53927 3188.817283
 25.556419 4402.57055
 25.573568 6029.722971
 25.590717 7918.884172
 25.607866 9759.561036
 25.625015 11151.052182
 25.642164 11740.553628
 25.659313 11367.661339
 25.676462 10134.912611
 25.693611 8362.232705
 25.710761 6452.760982
 25.72791 4746.490662
 25.745059 3432.750667
 25.762208 2545.061685
 25.779357 2013.241032
 25.796506 1728.940334
 25.813655 1592.758133
 25.830804 1534.136314
 25.847953 1511.410932
 25.865102 1503.464728
 25.882252 1500.0
 25.899401 1500.0
 25.91655 1500.0
 25.933699 1500.0
 25.950848 1504.14077
 25.967997 1512.972683
 25.985146 1536.955464
 26.002295 1595.730399
 26.019444 1725.509143
 26.036593 1983.103841
 26.053743 2441.23025
 26.070892 3167.804589
 26.088041 4187.823859
 26.10519 5439.786615
 26.122339 6752.524522
 26.139488 7869.295726
 26.156637 8524.96662
 26.173786 8547.34267
 26.190935 7930.291698
 26.208084 6836.459278
 26.225234 5527.943646
 26.242383 4265.08885
 26.259532 3226.298045
 26.276681 2480.136886
 26.29383 2007.113513
 26.310979 1740.829521
 26.328128 1610.447085
 26.345277 1562.215556
 26.362426 1566.49907
 26.379576 1614.537148
 26.396725 1709.322807
 26.413874 1861.721574
 26.431023 2068.065769
 26.448172 2310.797372
 26.465321 2551.814191
 26.48247 2740.230318
 26.499619 2829.308982
 26.516768 2795.189626
 26.533917 2647.222716
 26.551067 2423.829229
 26.568216 2176.374305
 26.585365 1950.251127
 26.602514 1772.530094
 26.619663 1649.9976
 26.636812 1575.072502
 26.653961 1534.167947
 26.67111 1514.142003
 26.688259 1505.323134
 26.705408 1502.623501
 26.722558 1503.014049
 26.739707 1506.785748
 26.756856 1517.093263
 26.774005 1539.109839
 26.791154 1581.281952
 26.808303 1653.448724
 26.825452 1763.153033
 26.842601 1909.963354
 26.85975 2080.216031
 26.876899 2246.035862
 26.894049 2371.511299
 26.911198 2425.014346
 26.928347 2392.083711
 26.945496 2281.744088
 26.962645 2122.509904
 26.979794 1950.476269
 26.996943 1796.253377
 27.014092 1677.068984
 27.031241 1596.190406
 27.04839 1547.495598
 27.06554 1521.317166
 27.082689 1508.697251
 27.099838 1503.225762
 27.116987 1501.08768
 27.134136 1500.333433
 27.151285 1500.0
 27.168434 1500.0
 27.185583 1500.0
 27.202732 1500.0
 27.219881 1500.0
 27.23703 1500.0
 27.25418 1500.0
 27.271329 1500.0
 27.288478 1500.0
 27.305627 1500.0
 27.322776 1500.0
 27.339925 1500.0
 27.357074 1500.0
 27.374223 1500.0
 27.391372 1500.0
 27.408521 1500.0
 27.425671 1500.0
 27.44282 1500.0
 27.459969 1501.798674
 27.477118 1505.61779
 27.494267 1515.965151
 27.511416 1541.285296
 27.528565 1597.151824
 27.545714 1708.044228
 27.562863 1905.436531
 27.580012 2219.056677
 27.597162 2660.603875
 27.614311 3204.865342
 27.63146 3779.20152
 27.648609 4273.066031
 27.665758 4570.560651
 27.682907 4594.191791
 27.700056 4337.514102
 27.717205 3867.971545
 27.734354 3298.234858
 27.751503 2742.594168
 27.768653 2281.276157
 27.785802 1946.940555
 27.802951 1732.616704
 27.8201 1610.141935
 27.837249 1547.441557
 27.854398 1518.587997
 27.871547 1506.624395
 27.888696 1502.147198
 27.905845 1500.0
 27.922995 1500.0
 27.940144 1500.0
 27.957293 1500.0
 27.974442 1500.0
 27.991591 1500.0
 28.00874 1500.0
 28.025889 1500.0
 28.043038 1500.0
 28.060187 1500.0
 28.077336 1500.0
 28.094486 1500.0
 28.111635 1500.0
 28.128784 1500.0
 28.145933 1500.0
 28.163082 1500.0
 28.180231 1500.0
 28.19738 1500.0
 28.214529 1500.0
 28.231678 1500.0
 28.248827 1500.0
 28.265977 1500.0
 28.283126 1500.0
 28.300275 1500.0
 28.317424 1500.0
 28.334573 1500.0
 28.351722 1500.0
 28.368871 1500.0
 28.38602 1500.0
 28.403169 1500.0
 28.420318 1500.0
 28.437468 1500.0
 28.454617 1500.0
 28.471766 1500.0
 28.488915 1500.0
 28.506064 1500.0
 28.523213 1500.0
 28.540362 1500.0
 28.557511 1500.0
 28.57466 1500.0
 28.591809 1500.0
 28.608959 1500.0
 28.626108 1501.0124
 28.643257 1503.157918
 28.660406 1508.967864
 28.677555 1523.186306
 28.694704 1554.58089
 28.711853 1616.98377
 28.729002 1728.293287
 28.746151 1905.645682
 28.7633 2156.27736
 28.78045 2466.74629
 28.797599 2796.632321
 28.814748 3083.405846
 28.831897 3260.466658
 28.849046 3282.009415
 28.866195 3142.188112
 28.883344 2877.680136
 28.900493 2552.122776
 28.917642 2231.400388
 28.934791 1962.798022
 28.95194 1766.532971
 28.96909 1639.7038
 28.986239 1566.640364
 29.003388 1528.92757
 29.020537 1511.426294
 29.037686 1504.106682
 29.054835 1501.342897
 29.071984 1500.0
 29.089133 1500.0
 29.106282 1500.0
 29.123431 1500.0
 29.140581 1500.0
 29.15773 1500.0
 29.174879 1500.0
 29.192028 1500.0
 29.209177 1500.0
 29.226326 1500.0
 29.243475 1500.0
 29.260624 1500.0
 29.277773 1500.0
 29.294922 1500.0
 29.312072 1500.0
 29.329221 1500.0
 29.34637 1500.0
 29.363519 1500.0
 29.380668 1500.0
 29.397817 1500.0
 29.414966 1500.0
 29.432115 1500.0
 29.449264 1500.0
 29.466414 1500.0
 29.483563 1500.0
 29.500712 1500.0
 29.517861 1500.0
 29.53501 1500.0
 29.552159 1500.0
 29.569308 1500.0
 29.586457 1500.0
 29.603606 1500.0
 29.620755 1500.0
 29.637905 1500.0
 29.655054 1500.0
 29.672203 1500.060588
 29.689352 1500.182235
 29.706501 1500.498568
 29.72365 1501.240725
 29.740799 1502.808638
 29.757948 1505.783581
 29.775097 1510.83404
 29.792246 1518.462432
 29.809396 1528.622329
 29.826545 1544.523113
 29.843694 1564.348583
 29.860843 1594.963629
 29.877992 1650.496082
 29.895141 1758.413115
 29.91229 1961.266753
 29.929439 2310.341388
 29.946588 2847.276778
 29.963737 3575.586947
 29.980887 4433.561786
 29.998036 5287.127784
 30.015185 5957.306434
 30.032334 6279.13695
 30.049483 6166.735471
 30.066632 5649.762092
 30.083781 4860.28157
 30.10093 3977.887412
 30.118079 3164.007949
 30.135228 2517.700352
 30.152378 2066.876677
 30.169527 1787.592434
 30.186676 1632.892468
 30.203825 1555.933081
 30.220974 1521.443289
 30.238123 1507.48815
 30.255272 1502.381888
 30.272421 1500.0
 30.28957 1500.0
 30.306719 1500.0
 30.323869 1500.0
 30.341018 1500.0
 30.358167 1500.0
 30.375316 1500.0
 30.392465 1500.0
 30.409614 1500.0
 30.426763 1500.0
 30.443912 1500.0
 30.461061 1500.0
 30.47821 1500.0
 30.495359 1500.0
 30.512509 1500.0
 30.529658 1500.0
 30.546807 1500.0
 30.563956 1500.0
 30.581105 1500.0
 30.598254 1500.0
 30.615403 1500.0
 30.632552 1500.0
 30.649701 1500.0
 30.66685 1500.0
 30.684 1500.0
 30.701149 1500.0
 30.718298 1500.0
 30.735447 1500.0
 30.752596 1500.0
 30.769745 1500.0
 30.786894 1500.0
 30.804043 1500.0
 30.821192 1507.424945
 30.838341 1522.945713
 30.855491 1564.621814
 30.87264 1665.858231
 30.889789 1887.957066
 30.906938 2327.036721
 30.924087 3107.646297
 30.941236 4347.706299
 30.958385 6098.537631
 30.975534 8270.975036
 30.992683 10593.73127
 31.009832 12647.051342
 31.026982 13984.505812
 31.044131 14299.130114
 31.06128 13548.96198
 31.078429 11969.412801
 31.095578 9964.983316
 31.112727 7944.646471
 31.129876 6190.68782
 31.147025 4815.798832
 31.164174 3801.552573
 31.181324 3070.331742
 31.198473 2543.284361
 31.215622 2164.623965
 31.232771 1899.675664
 31.24992 1724.034764
 31.267069 1614.789252
 31.284218 1559.993743
 31.301367 1539.262124
 31.318516 1547.905239
 31.335665 1590.394367
 31.352815 1680.406539
 31.369964 1836.624681
 31.387113 2075.709674
 31.404262 2396.779896
 31.421411 2772.394444
 31.43856 3144.524439
 31.455709 3436.291617
 31.472858 3577.026924
 31.490007 3529.9397
 31.507156 3307.681045
 31.524306 2966.848316
 31.541455 2584.673894
 31.558604 2230.950605
 31.575753 1948.925372
 31.592902 1751.291506
 31.610051 1628.208502
 31.6272 1559.621976
 31.644349 1525.273108
 31.661498 1509.765237
 31.678647 1503.439416
 31.695797 1501.104249
 31.712946 1500.0
 31.730095 1500.0
 31.747244 1500.0
 31.764393 1500.0
 31.781542 1500.0
 31.798691 1500.0
 31.81584 1500.0
 31.832989 1500.0
 31.850138 1500.0
 31.867288 1500.0
 31.884437 1500.0
 31.901586 1500.0
 31.918735 1500.0
 31.935884 1500.0
 31.953033 1500.0
 31.970182 1500.0
 31.987331 1500.0
 32.00448 1500.0
 32.021629 1500.0
 32.038778 1500.0
 32.055928 1500.0
 32.073077 1500.0
 32.090226 1500.0
 32.107375 1500.0
 32.124524 1500.0
 32.141673 1500.0
 32.158822 1500.0
 32.175971 1500.0
 32.19312 1500.0
 32.21027 1500.0
 32.227419 1500.0
 32.244568 1500.0
 32.261717 1500.0
 32.278866 1500.0
 32.296015 1500.0
 32.313164 1500.0
 32.330313 1500.0
 32.347462 1500.0
 32.364611 1500.0
 32.38176 1500.0
 32.39891 1500.0
 32.416059 1500.0
 32.433208 1500.0
 32.450357 1500.0
 32.467506 1500.0
 32.484655 1500.0
 32.501804 1500.0
 32.518953 1500.0
 32.536102 1500.0
 32.553252 1500.849089
 32.570401 1502.523417
 32.58755 1506.832618
 32.604699 1516.856407
 32.621848 1537.891425
 32.638997 1577.612906
 32.656146 1644.865038
 32.673295 1746.405244
 32.690444 1881.956203
 32.707593 2039.604201
 32.724743 2194.794467
 32.741892 2315.413507
 32.759041 2372.290606
 32.77619 2350.603825
 32.793339 2256.130989
 32.810488 2112.760226
 32.827637 1952.717736
 32.844786 1804.948538
 32.861935 1688.138961
 32.879084 1607.636392
 32.896234 1561.673474
 32.913383 1546.691035
 32.930532 1563.626501
 32.947681 1621.778901
 32.96483 1739.09249
 32.981979 1937.291876
 32.999128 2230.90629
 33.016277 2613.287312
 33.033426 3043.69254
 33.050575 3448.659572
 33.067725 3739.466586
 33.084874 3843.132754
 33.102023 3732.039221
 33.119172 3435.829119
 33.136321 3028.618552
 33.15347 2599.015601
 33.170619 2219.425905
 33.187768 1928.795239
 33.204917 1732.701429
 33.222066 1614.98372
 33.239216 1551.73261
 33.256365 1521.19265
 33.273514 1507.904979
 33.290663 1502.684801
 33.307812 1500.0
 33.324961 1500.0
 33.34211 1500.0
 33.359259 1500.0
 33.376408 1500.0
 33.393557 1500.0
 33.410707 1500.0
 33.427856 1500.0
 33.445005 1500.0
 33.462154 1501.687069
 33.479303 1505.028903
 33.496452 1513.670353
 33.513601 1533.890406
 33.53075 1576.628301
 33.547899 1659.826402
 33.565048 1803.042515
 33.582197 2026.972007
 33.599347 2343.391231
 33.616496 2749.093184
 33.633645 3225.707541
 33.650794 3748.316444
 33.667943 4297.87881
 33.685092 4866.053224
 33.702241 5443.391455
 33.71939 5995.160622
 33.736539 6444.066836
 33.753689 6680.967507
 33.770838 6607.059558
 33.787987 6185.755188
 33.805136 5470.976513
 33.822285 4592.241174
 33.839434 3705.267884
 33.856583 2937.335759
 33.873732 2355.085831
 33.890881 1963.958353
 33.90803 1729.091333
 33.925179 1603.342566
 33.942329 1542.467075
 33.959478 1515.897521
 33.976627 1505.421401
 33.993776 1500.0
 34.010925 1500.0
 34.028074 1500.0
 34.045223 1500.0
 34.062372 1500.0
 34.079521 1500.0
 34.096671 1500.0
 34.11382 1500.0
 34.130969 1500.0
 34.148118 1500.0
 34.165267 1500.0
 34.182416 1500.0
 34.199565 1500.0
 34.216714 1500.0
 34.233863 1500.0
 34.251012 1500.0
 34.268162 1500.0
 34.285311 1500.0
 34.30246 1500.0
 34.319609 1500.0
 34.336758 1500.0
 34.353907 1500.0
 34.371056 1500.0
 34.388205 1500.0
 34.405354 1500.0
 34.422503 1500.0
 34.439653 1500.0
 34.456802 1500.0
 34.473951 1500.0
 34.4911 1500.0
 34.508249 1500.0
 34.525398 1500.0
 34.542547 1500.0
 34.559696 1500.0
 34.576845 1500.002495
 34.593994 1501.72435
 34.611144 1505.2438
 34.628293 1514.559501
 34.645442 1536.908482
 34.662591 1585.424515
 34.67974 1680.51389
 34.696889 1848.259811
 34.714038 2113.410823
 34.731187 2486.378152
 34.748336 2947.991521
 34.765485 3440.456641
 34.782635 3873.779322
 34.799784 4150.677209
 34.816933 4201.679192
 34.834082 4013.334936
 34.851231 3633.953282
 34.86838 3153.541094
 34.885529 2669.277797
 34.902678 2254.518317
 34.919827 1944.270878
 34.936976 1738.68684
 34.954126 1617.000691
 34.971275 1552.349145
 34.988424 1521.420505
 35.005573 1508.140291
 35.022722 1503.174318
 35.039871 1501.065609
 35.05702 1502.17174
 35.074169 1504.038744
 35.091318 1506.853958
 35.108467 1510.615022
 35.125617 1515.004194
 35.142766 1519.357289
 35.159915 1522.795222
 35.177064 1524.504013
 35.194213 1524.046421
 35.211362 1521.543091
 35.228511 1517.621095
 35.24566 1513.15971
 35.262809 1508.973614
 35.279958 1505.587441
 35.297108 1503.176855
 35.314257 1501.649423
 35.331406 1500.782034
 35.348555 1500.338597
 35.365704 1500.133878
 35.382853 1500.048339
 35.400002 1500.015939
 35.417151 1500.0
 35.4343 1500.0
 35.451449 1500.0
 35.468598 1500.0
 35.485748 1507.085957
 35.502897 1520.59017
 35.520046 1554.572374
 35.537195 1631.92998
 35.554344 1790.923148
 35.571493 2085.172338
 35.588642 2573.660027
 35.605791 3296.9426
 35.62294 4243.425067
 35.64009 5320.767652
 35.657239 6354.159
 35.674388 7125.879838
 35.691537 7448.222294
 35.708686 7237.350531
 35.725835 6548.588705
 35.742984 5552.936524
 35.760133 4468.365088
 35.777282 3483.438191
 35.794431 2709.14822
 35.811581 2172.51978
 35.82873 1841.271234
 35.845879 1658.003648
 35.863028 1566.743676
 35.880177 1525.723526
 35.897326 1509.045422
 35.914475 1502.902047
 35.931624 1500.0
 35.948773 1500.0
 35.965922 1500.0
 35.983072 1500.0
 36.000221 1500.0
 36.01737 1500.0
 36.034519 1500.0
 36.051668 1500.0
 36.068817 1500.0
 36.085966 1500.0
 36.103115 1500.0
 36.120264 1500.0
 36.137413 1501.278263
 36.154563 1503.776043
 36.171712 1510.189889
 36.188861 1525.120978
 36.20601 1556.579106
 36.223159 1616.424619
 36.240308 1718.886099
 36.257457 1876.00192
 36.274606 2090.164044
 36.291755 2346.402052
 36.308904 2609.20169
 36.326054 2828.252785
 36.343203 2953.422217
 36.360352 2953.269014
 36.377501 2827.833159
 36.39465 2608.61871
 36.411799 2345.780906
 36.428948 2089.609141
 36.446097 1875.571676
 36.463246 1719.495704
 36.480395 1618.860057
 36.497545 1563.384691
 36.514694 1541.708017
 36.531843 1546.755136
 36.548992 1577.214119
 36.566141 1635.858301
 36.58329 1725.107785
 36.600439 1843.702932
 36.617588 1979.050182
 36.634737 2109.531483
 36.651886 2208.012852
 36.669036 2250.807746
 36.686185 2226.895224
 36.703334 2142.515
 36.720483 2018.532532
 36.737632 1882.087546
 36.754781 1757.073034
 36.77193 1657.931701
 36.789079 1588.595823
 36.806228 1545.383694
 36.823377 1521.229511
 36.840527 1509.068677
 36.857676 1503.5377
 36.874825 1501.260316
 36.891974 1500.410041
 36.909123 1500.0
 36.926272 1500.0
 36.943421 1500.0
 36.96057 1500.0
 36.977719 1500.009465
 36.994868 1500.027265
 37.012018 1500.071719
 37.029167 1500.172262
 37.046316 1500.377818
 37.063465 1500.756687
 37.080614 1501.383884
 37.097763 1502.311208
 37.114912 1503.524856
 37.132061 1504.909229
 37.14921 1506.243975
 37.166359 1507.252558
 37.183509 1507.693238
 37.200658 1507.452818
 37.217807 1506.593713
 37.234956 1505.327728
 37.252105 1503.931515
 37.269254 1502.649639
 37.286403 1501.630887
 37.303552 1501.47725
 37.320701 1502.098138
 37.33785 1504.538531
 37.355 1510.662266
 37.372149 1523.51141
 37.389298 1547.700905
 37.406447 1588.62407
 37.423596 1650.697334
 37.440745 1734.583016
 37.457894 1834.427083
 37.475043 1936.873849
 37.492192 2023.28623
 37.509341 2075.145037
 37.526491 2080.55844
 37.54364 2038.727361
 37.560789 1960.058498
 37.577938 1861.971446
 37.595087 1762.699197
 37.612236 1676.05731
 37.629385 1609.067566
 37.646534 1562.50715
 37.663683 1533.157324
 37.680832 1516.282452
 37.697982 1507.400579
 37.715131 1503.111551
 37.73228 1501.209143
 37.749429 1500.310248
 37.766578 1500.108778
 37.783727 1500.034791
 37.800876 1500.0
 37.818025 1500.0
 37.835174 1502.942863
 37.852323 1508.482966
 37.869473 1522.337193
 37.886622 1553.73222
 37.903771 1618.08356
 37.92092 1737.091866
 37.938069 1934.952114
 37.955218 2229.104189
 37.972367 2616.831345
 37.989516 3063.372705
 38.006665 3500.054854
 38.023814 3840.141067
 38.040964 4003.786195
 38.058113 3953.284179
 38.075262 3708.292725
 38.092411 3340.860372
 38.10956 2949.730918
 38.126709 2627.238313
 38.143858 2432.879077
 38.161007 2381.314717
 38.178156 2444.911452
 38.195305 2566.871362
 38.212455 2680.387601
 38.229604 2729.09378
 38.246753 2683.13964
 38.263902 2545.380538
 38.281051 2344.967028
 38.2982 2125.1467
 38.315349 1922.662089
 38.332498 1761.140412
 38.349647 1647.442759
 38.366796 1576.074519
 38.383946 1535.868878
 38.401095 1515.454467
 38.418244 1506.084726
 38.435393 1502.189122
 38.452542 1501.488391
 38.469691 1502.261974
 38.48684 1506.884836
 38.503989 1517.260225
 38.521138 1539.673282
 38.538287 1583.624312
 38.555437 1661.670313
 38.572586 1786.725894
 38.589735 1966.564311
 38.606884 2196.666542
 38.624033 2454.681187
 38.641182 2700.747558
 38.658331 2886.221344
 38.67548 2968.97784
 38.692629 2928.894117
 38.709778 2775.772277
 38.726928 2545.458287
 38.744077 2286.247523
 38.761226 2042.596256
 38.778375 1843.552803
 38.795524 1699.541565
 38.812673 1606.294684
 38.829822 1551.920127
 38.846971 1523.249189
 38.86412 1509.541684
 38.881269 1503.588239
 38.898419 1500.918179
 38.915568 1500.297955
 38.932717 1500.0
 38.949866 1500.0
 38.967015 1500.0
 38.984164 1500.0
 39.001313 1500.0
 39.018462 1500.0
 39.035611 1500.362242
 39.05276 1501.049601
 39.06991 1502.782091
 39.087059 1506.746346
 39.104208 1514.96732
 39.121357 1530.38256
 39.138506 1556.433196
 39.155655 1595.917536
 39.172804 1649.188486
 39.189953 1712.356144
 39.207102 1776.631776
 39.224251 1829.806658
 39.241401 1859.870352
 39.25855 1859.391512
 39.275699 1828.493639
 39.292848 1774.803516
 39.309997 1710.401613
 39.327146 1647.43452
 39.344295 1594.549926
 39.361444 1555.490744
 39.378593 1529.802987
 39.395742 1514.647343
 39.412892 1506.587115
 39.430041 1502.71047
 39.44719 1501.020424
 39.464339 1500.35146
 39.481488 1500.0
 39.498637 1500.0
 39.515786 1500.0
 39.532935 1500.0
 39.550084 1500.0
 39.567233 1500.0
 39.584383 1500.0
 39.601532 1500.0
 39.618681 1500.0
 39.63583 1500.0
 39.652979 1500.0
 39.670128 1500.0
 39.687277 1500.0
 39.704426 1500.0
 39.721575 1500.0
 39.738724 1500.0
 39.755874 1500.0
 39.773023 1500.0
 39.790172 1500.0
 39.807321 1500.0
 39.82447 1500.0
 39.841619 1500.0
 39.858768 1500.0
 39.875917 1500.0
 39.893066 1500.0
 39.910215 1500.0
 39.927365 1500.0
 39.944514 1500.0
 39.961663 1500.0
 39.978812 1500.0
 39.995961 1500.0
 40.01311 1500.0
 40.030259 1500.0
 40.047408 1500.0
 40.064557 1500.0
 40.081706 1500.00001
 40.098856 1500.000032
 40.116005 1500.000096
 40.133154 1500.00026
 40.150303 1500.000645
 40.167452 1500.001466
 40.184601 1500.003053
 40.20175 1500.005819
 40.218899 1500.07128
 40.236048 1500.219809
 40.253197 1500.643667
 40.270347 1502.823486
 40.287496 1507.724189
 40.304645 1519.568765
 40.321794 1545.835997
 40.338943 1599.18368
 40.356092 1698.176194
 40.373241 1865.469483
 40.39039 2121.771714
 40.407539 2475.334137
 40.424688 2909.793419
 40.441838 3376.542965
 40.458987 3799.185455
 40.476136 4091.191096
 40.493285 4185.850209
 40.510434 4061.878311
 40.527583 3754.061435
 40.544732 3342.484092
 40.561881 2925.458755
 40.57903 2589.036343
 40.596179 2385.196758
 40.613329 2324.089444
 40.630478 2378.872927
 40.647627 2498.569923
 40.664776 2624.459802
 40.681925 2706.168115
 40.699074 2713.545252
 40.716223 2641.387851
 40.733372 2505.136255
 40.750521 2331.624407
 40.76767 2149.208452
 40.78482 1979.366474
 40.801969 1835.171008
 40.819118 1721.700603
 40.836267 1638.344885
 40.853416 1581.120182
 40.870565 1544.497562
 40.887714 1522.736187
 40.904863 1510.780203
 40.922012 1504.728281
 40.939161 1501.862448
 40.956311 1500.700348
 40.97346 1500.241527
 40.990609 1500.059721
 41.007758 1500.0
 41.024907 1500.0
 41.042056 1500.0
 41.059205 1500.0
 41.076354 1500.0
 41.093503 1500.0
 41.110652 1500.0
 41.127802 1500.0
 41.144951 1500.0
 41.1621 1500.0
 41.179249 1500.0
 41.196398 1500.0
 41.213547 1500.0
 41.230696 1500.0
 41.247845 1500.0
 41.264994 1500.0
 41.282143 1500.0
 41.299293 1500.0
 41.316442 1500.0
 41.333591 1500.0
 41.35074 1500.0
 41.367889 1500.0
 41.385038 1500.0
 41.402187 1500.0
 41.419336 1500.0
 41.436485 1500.0
 41.453634 1500.0
 41.470784 1500.0
 41.487933 1500.0
 41.505082 1500.0
 41.522231 1500.0
 41.53938 1500.0
 41.556529 1500.0
 41.573678 1500.001761
 41.590827 1500.005399
 41.607976 1500.015155
 41.625125 1500.038948
 41.642275 1500.091655
 41.659424 1500.197512
 41.676573 1500.389765
 41.693722 1500.704377
 41.710871 1501.16578
 41.72802 1501.767074
 41.745169 1502.453224
 41.762318 1503.119478
 41.779467 1503.633347
 41.796616 1503.876411
 41.813766 1504.100907
 41.830915 1504.377059
 41.848064 1505.62984
 41.865213 1509.636167
 41.882362 1519.765749
 41.899511 1541.707992
 41.91666 1583.7857
 41.933809 1656.023827
 41.950958 1767.178272
 41.968107 1919.750646
 41.985257 2104.597924
 42.002406 2298.24095
 42.019555 2465.953885
 42.036704 2571.300614
 42.053853 2588.878242
 42.071002 2514.240678
 42.088151 2365.716656
 42.1053 2177.114736
 42.122449 1985.264372
 42.139598 1818.640882
 42.156748 1691.693966
 42.173897 1605.651559
 42.191046 1553.34338
 42.208195 1524.671699
 42.225344 1510.452218
 42.242493 1504.05589
 42.259642 1501.441484
 42.276791 1500.4692
 42.29394 1500.0
 42.311089 1500.0
 42.328239 1500.0
 42.345388 1500.0
 42.362537 1500.0
 42.379686 1500.0
 42.396835 1500.578601
 42.413984 1501.758276
 42.431133 1504.894457
 42.448282 1512.480779
 42.465431 1529.154742
 42.48258 1562.390428
 42.49973 1622.314853
 42.516879 1719.687017
 42.534028 1861.497424
 42.551177 2044.996226
 42.568326 2252.835409
 42.585475 2452.855265
 42.602624 2605.142446
 42.619773 2674.794091
 42.636922 2645.049469
 42.654071 2524.355185
 42.671221 2343.247027
 42.68837 2142.952969
 42.705519 1961.577513
 42.722668 1824.138941
 42.739817 1739.481569
 42.756966 1703.053548
 42.774115 1702.335479
 42.791264 1721.978388
 42.808413 1747.32893
 42.825562 1766.469615
 42.842712 1771.408195
 42.859861 1758.757952
 42.87701 1729.684931
 42.894159 1689.392906
 42.911308 1645.508464
 42.928457 1604.769503
 42.945606 1574.019317
 42.962755 1559.158806
 42.979904 1566.984058
 42.997053 1607.119486
 43.014203 1692.649363
 43.031352 1837.645294
 43.048501 2050.734347
 43.06565 2326.227288
 43.082799 2636.755891
 43.099948 2933.371698
 43.117097 3156.334056
 43.134246 3253.941322
 43.151395 3202.080964
 43.168544 3013.783598
 43.185694 2733.918901
 43.202843 2421.870189
 43.219992 2131.298126
 43.237141 1896.279939
 43.25429 1728.030905
 43.271439 1620.290212
 43.288588 1558.174453
 43.305737 1525.794057
 43.322886 1510.486039
 43.340035 1503.908642
 43.357185 1501.335919
 43.374334 1500.418687
 43.391483 1500.0
 43.408632 1500.0
 43.425781 1500.0
 43.44293 1500.0
 43.460079 1500.0
 43.477228 1500.002444
 43.494377 1500.00772
 43.511526 1500.022373
 43.528676 1500.059469
 43.545825 1500.144993
 43.562974 1500.359642
 43.580123 1500.772071
 43.597272 1501.547696
 43.614421 1502.912156
 43.63157 1505.171011
 43.648719 1508.721861
 43.665868 1513.986885
 43.683017 1521.368544
 43.700167 1531.059739
 43.717316 1542.82203
 43.734465 1555.794145
 43.751614 1568.485342
 43.768763 1579.061083
 43.785912 1585.869597
 43.803061 1588.097679
 43.82021 1585.812915
 43.837359 1580.229015
 43.854508 1573.332781
 43.871658 1567.84644
 43.888807 1567.574578
 43.905956 1577.526055
 43.923105 1604.143462
 43.940254 1654.051927
 43.957403 1731.770523
 43.974552 1836.835238
 43.991701 1961.813915
 44.00885 2092.812948
 44.025999 2212.887661
 44.043149 2306.972655
 44.060298 2365.744894
 44.077447 2386.298251
 44.094596 2370.05571
 44.111745 2320.049052
 44.128894 2239.98427
 44.146043 2135.494974
 44.163192 2015.531918
 44.180341 1892.307839
 44.19749 1778.723649
 44.21464 1685.042234
 44.231789 1617.245968
 44.248938 1575.87898
 44.266087 1559.472349
 44.283236 1566.277772
 44.300385 1597.260745
 44.317534 1656.593829
 44.334683 1752.87126
 44.351832 1897.389009
 44.368981 2099.934269
 44.386131 2362.124221
 44.40328 2668.428672
 44.420429 2982.207707
 44.437578 3249.298464
 44.454727 3412.16293
 44.471876 3429.861702
 44.489025 3294.474946
 44.506174 3035.101246
 44.523323 2707.019985
 44.540472 2371.765212
 44.557622 2078.115002
 44.574771 1851.91716
 44.59192 1696.606851
 44.609069 1600.793901
 44.626218 1547.396127
 44.643367 1520.459118
 44.660516 1508.102113
 44.677665 1502.943521
 44.694814 1500.981033
 44.711963 1500.0
 44.729113 1500.0
 44.746262 1500.0
 44.763411 1500.0
 44.78056 1500.276676
 44.797709 1500.866575
 44.814858 1503.053608
 44.832007 1508.24518
 44.849156 1520.477779
 44.866305 1546.784299
 44.883454 1598.33033
 44.900604 1690.141376
 44.917753 1838.294431
 44.934902 2053.814793
 44.952051 2334.262584
 44.9692 2656.433629
 44.986349 2975.106839
 45.003498 3231.449319
 45.020647 3370.13029
 45.037796 3358.64074
 45.054945 3199.65153
 45.072095 2930.007559
 45.089244 2606.873765
 45.106393 2288.13573
 45.123542 2016.183331
 45.140691 1810.927678
 45.15784 1672.232746
 45.174989 1587.72394
 45.192138 1541.077962
 45.209287 1517.681861
 45.226436 1506.995415
 45.243586 1502.543326
 45.260735 1500.677858
 45.277884 1500.333224
 45.295033 1500.365361
 45.312182 1501.01357
 45.329331 1502.581989
 45.34648 1506.040142
 45.363629 1512.976427
 45.380778 1525.603527
 45.397927 1546.398179
 45.415077 1577.228315
 45.432226 1618.070821
 45.449375 1665.810736
 45.466524 1713.893661
 45.483673 1753.458546
 45.500822 1775.982875
 45.517971 1776.156621
 45.53512 1754.230065
 45.552269 1716.045286
 45.569418 1671.500596
 45.586568 1631.292491
 45.603717 1605.376773
 45.620866 1601.505603
 45.638015 1625.046365
 45.655164 1678.679984
 45.672313 1761.439543
 45.689462 1867.324185
 45.706611 1984.510734
 45.72376 2096.285122
 45.740909 2184.088779
 45.758059 2231.921785
 45.775208 2230.803655
 45.792357 2180.971874
 45.809506 2091.952831
 45.826655 1979.610175
 45.843804 1861.712185
 45.860953 1753.529598
 45.878102 1664.875508
 45.895251 1599.317735
 45.9124 1555.331521
 45.92955 1528.470872
 45.946699 1513.514639
 45.963848 1505.912394
 45.980997 1502.381979
 45.998146 1500.858621
 46.015295 1500.294815
 46.032444 1500.092943
 46.049593 1500.0
 46.066742 1500.0
 46.083891 1500.0
 46.101041 1500.0
 46.11819 1500.0
 46.135339 1500.0
 46.152488 1500.0
 46.169637 1500.0
 46.186786 1500.0
 46.203935 1500.0
 46.221084 1500.0
 46.238233 1500.0
 46.255382 1500.0
 46.272532 1500.0
 46.289681 1500.0
 46.30683 1500.0
 46.323979 1500.0
 46.341128 1500.0
 46.358277 1500.0
 46.375426 1500.319785
 46.392575 1500.954863
 46.409724 1502.619945
 46.426873 1506.605876
 46.444023 1515.306411
 46.461172 1532.594043
 46.478321 1563.78835
 46.49547 1614.735584
 46.512619 1689.680546
 46.529768 1788.222834
 46.546917 1902.556223
 46.564066 2016.805838
 46.581215 2109.873124
 46.598364 2161.560526
 46.615514 2159.663879
 46.632663 2104.647146
 46.649812 2009.458421
 46.666961 1894.586559
 46.68411 1780.931279
 46.701259 1683.855987
 46.718408 1610.603558
 46.735557 1561.159804
 46.752706 1531.085589
 46.769855 1514.522353
 46.787005 1506.235728
 46.804154 1502.46091
 46.821303 1500.892581
 46.838452 1500.297527
 46.855601 1500.0
 46.87275 1500.0
 46.889899 1500.0
 46.907048 1500.0
 46.924197 1500.0
 46.941346 1500.0
 46.958496 1500.0
 46.975645 1500.0
 46.992794 1500.0
 47.009943 1500.169305
 47.027092 1500.499941
 47.044241 1501.356354
 47.06139 1503.3811
 47.078539 1508.106264
 47.095688 1517.352471
 47.112837 1534.339027
 47.129987 1562.941245
 47.147136 1607.106832
 47.164285 1669.673983
 47.181434 1750.975365
 47.198583 1847.688261
 47.215732 1952.373976
 47.232881 2054.076392
 47.25003 2139.48077
 47.267179 2195.614971
 47.284328 2212.659587
 47.301478 2187.03173
 47.318627 2123.329048
 47.335776 2034.01581
 47.352925 1936.331854
 47.370074 1847.27554
 47.387223 1778.623199
 47.404372 1734.051455
 47.421521 1709.426395
 47.43867 1695.832773
 47.455819 1683.776043
 47.472969 1666.711467
 47.490118 1642.60364
 47.507267 1613.556913
 47.524416 1583.566457
 47.541565 1556.523905
 47.558714 1535.28617
 47.575863 1520.234242
 47.593012 1510.65835
 47.610161 1505.157306
 47.62731 1502.292418
 47.64446 1500.936073
 47.661609 1500.351138
 47.678758 1500.121004
 47.695907 1500.540131
 47.713056 1501.601969
 47.730205 1504.370257
 47.747354 1510.966643
 47.764503 1525.314466
 47.781652 1553.753378
 47.798801 1605.001872
 47.815951 1688.692053
 47.8331 1811.950006
 47.850249 1974.4595
 47.867398 2163.899518
 47.884547 2354.671385
 47.901696 2512.260654
 47.918845 2603.018719
 47.935994 2605.782911
 47.953143 2519.883691
 47.970292 2365.407641
 47.987442 2175.575539
 48.004591 1985.179388
 48.02174 1820.550587
 48.038889 1694.82545
 48.056038 1608.927472
 48.073187 1556.021956
 48.090336 1526.502913
 48.107485 1511.532618
 48.124634 1504.615777
 48.141783 1501.699132
 48.158933 1500.575251
 48.176082 1500.0
 48.193231 1500.0
 48.21038 1500.0
 48.227529 1500.0
 48.244678 1500.0
 48.261827 1500.0
 48.278976 1500.0
 48.296125 1500.0
 48.313274 1500.29749
 48.330424 1500.911648
 48.347573 1502.57057
 48.364722 1506.668872
 48.381871 1515.91727
 48.39902 1534.950243
 48.416169 1570.594225
 48.433318 1631.158768
 48.450467 1724.133466
 48.467616 1852.265166
 48.484765 2009.165786
 48.501915 2176.782072
 48.519064 2327.204571
 48.536213 2429.884887
 48.553362 2461.287849
 48.570511 2414.352345
 48.58766 2301.284075
 48.604809 2149.404533
 48.621958 1991.826591
 48.639107 1857.545917
 48.656256 1764.867035
 48.673406 1719.507117
 48.690555 1716.273137
 48.707704 1742.380526
 48.724853 1781.139675
 48.742002 1815.672019
 48.759151 1832.528712
 48.7763 1824.597097
 48.793449 1792.071763
 48.810598 1742.340552
 48.827747 1685.026414
 48.844897 1629.992117
 48.862046 1584.038765
 48.879195 1549.994763
 48.896344 1527.368657
 48.913493 1513.786929
 48.930642 1506.390967
 48.947791 1502.726148
 48.96494 1501.931724
 48.982089 1502.920857
 48.999238 1506.904064
 49.016388 1516.67254
 49.033537 1537.761686
 49.050686 1578.726452
 49.067835 1651.089484
 49.084984 1766.942191
 49.102133 1934.20554
 49.119282 2150.271771
 49.136431 2396.69043
 49.15358 2638.584642
 49.170729 2831.345124
 49.187879 2933.659903
 49.205028 2921.869035
 49.222177 2798.84973
 49.239326 2592.878786
 49.256475 2347.084502
 49.273624 2104.854466
 49.290773 1897.898256
 49.307922 1741.166782
 49.325071 1634.683454
 49.34222 1569.308887
 49.35937 1532.867577
 49.376519 1514.364025
 49.393668 1505.785479
 49.410817 1502.147739
 49.427966 1500.734897
 49.445115 1500.037551
 49.462264 1500.0525
 49.479413 1500.150314
 49.496562 1500.395808
 49.513711 1500.958579
 49.530861 1502.135199
 49.54801 1504.374455
 49.565159 1508.243169
 49.582308 1514.287595
 49.599457 1522.778734
 49.616606 1533.405429
 49.633755 1545.064415
 49.650904 1555.923275
 49.668053 1563.842133
 49.685202 1567.04905
 49.702352 1564.783395
 49.719501 1557.58863
 49.73665 1547.100851
 49.753799 1535.445207
 49.770948 1524.543791
 49.788097 1515.638693
 49.805246 1509.169678
 49.822395 1504.947927
 49.839544 1502.457138
 49.856693 1501.123038
 49.873843 1500.472434
 49.890992 1500.182933
 49.908141 1500.065203
 49.92529 1500.021394
 49.942439 1500.0
 49.959588 1500.0
 49.976737 1500.0
 49.993886 1500.0
 50.011035 1500.0
 50.028184 1500.0
 50.045334 1500.0
 50.062483 1500.0
 50.079632 1500.0
 50.096781 1500.0
 50.11393 1500.0
 50.131079 1500.0
 50.148228 1500.0
 50.165377 1500.0
 50.182526 1500.0
 50.199675 1500.0
 50.216825 1500.0
 50.233974 1500.0
 50.251123 1500.0
 50.268272 1500.0
 50.285421 1500.0
 50.30257 1500.0
 50.319719 1500.0
 50.336868 1500.017575
 50.354017 1500.050312
 50.371166 1500.132659
 50.388316 1500.322173
 50.405465 1500.78938
 50.422614 1501.681636
 50.439763 1503.337116
 50.456912 1506.187588
 50.474061 1510.75544
 50.49121 1517.614653
 50.508359 1527.208427
 50.525508 1539.774681
 50.542657 1555.111984
 50.559807 1572.409531
 50.576956 1590.162482
 50.594105 1606.292083
 50.611254 1618.532666
 50.628403 1625.013162
 50.645552 1624.810448
 50.662701 1618.209797
 50.67985 1606.540659
 50.696999 1591.688751
 50.714148 1575.548422
 50.731298 1559.656625
 50.748447 1545.082757
 50.765596 1532.485741
 50.782745 1522.204683
 50.799894 1514.31367
 50.817043 1508.64996
 50.834192 1504.882272
 50.851341 1502.561933
 50.86849 1501.246183
 50.885639 1500.545633
 50.902789 1500.228599
 50.919938 1500.088119
 50.937087 1500.031251
 50.954236 1500.010196
 50.971385 1500.0
 50.988534 1500.009935
 51.005683 1500.027994
 51.022832 1500.072651
 51.039981 1500.173663
 51.05713 1500.382354
 51.07428 1500.775375
 51.091429 1501.448263
 51.108578 1502.491562
 51.125727 1503.948067
 51.142876 1505.762156
 51.160025 1507.745899
 51.177174 1509.590537
 51.194323 1510.936939
 51.211472 1511.546175
 51.228621 1511.278414
 51.245771 1510.33135
 51.26292 1509.153953
 51.280069 1508.409064
 51.297218 1508.882071
 51.314367 1511.363764
 51.331516 1516.487726
 51.348665 1524.503107
 51.365814 1535.018304
 51.382963 1546.83461
 51.400112 1558.028691
 51.417262 1566.371206
 51.434411 1569.992278
 51.45156 1568.026603
 51.468709 1560.926005
 51.485858 1550.284282
 51.503007 1538.242857
 51.520156 1526.801883
 51.537305 1517.309529
 51.554454 1510.301916
 51.571603 1505.650293
 51.588753 1502.855954
 51.605902 1501.330348
 51.623051 1500.571109
 51.6402 1500.225953
 51.657349 1500.082388
 51.674498 1500.027686
 51.691647 1500.0
 51.708796 1500.0
 51.725945 1500.0
 51.743094 1500.0
 51.760244 1500.0
 51.777393 1500.0
 51.794542 1500.0
 51.811691 1500.0
 51.82884 1500.0
 51.845989 1500.0
 51.863138 1500.0
 51.880287 1500.0
 51.897436 1500.0
 51.914585 1500.0
 51.931735 1500.0
 51.948884 1500.0
 51.966033 1500.0
 51.983182 1500.0
 52.000331 1500.0
 52.01748 1500.0
 52.034629 1500.0
 52.051778 1500.0
 52.068927 1500.0
 52.086076 1500.0
 52.103226 1500.0
 52.120375 1500.0
 52.137524 1500.0
 52.154673 1500.0
 52.171822 1500.0
 52.188971 1500.0
 52.20612 1500.0
 52.223269 1500.0
 52.240418 1500.0
 52.257567 1500.0
 52.274717 1500.0
 52.291866 1500.550009
 52.309015 1501.528181
 52.326164 1503.913072
 52.343313 1509.234086
 52.360462 1520.081564
 52.377611 1540.24598
 52.39476 1574.329616
 52.411909 1626.505046
 52.429058 1698.404551
 52.446208 1786.736775
 52.463357 1881.863506
 52.480506 1968.601225
 52.497655 2029.882516
 52.514804 2052.068227
 52.531953 2030.153384
 52.549102 1969.531832
 52.566251 1884.029558
 52.5834 1790.974483
 52.600549 1705.716894
 52.617699 1637.909494
 52.634848 1590.570636
 52.651997 1561.477661
 52.669146 1545.628282
 52.686295 1537.561866
 52.703444 1532.877569
 52.720593 1528.843219
 52.737742 1524.466538
 52.754891 1519.983421
 52.77204 1516.656401
 52.78919 1516.020564
 52.806339 1520.887443
 52.823488 1535.329832
 52.840637 1565.014618
 52.857786 1616.810977
 52.874935 1697.163756
 52.892084 1809.130052
 52.909233 1948.82576
 52.926382 2103.42801
 52.943531 2250.607101
 52.960681 2364.716469
 52.97783 2423.914777
 52.994979 2418.513686
 53.012128 2355.489984
 53.029277 2256.969457
 53.046426 2152.944358
 53.063575 2071.135897
 53.080724 2028.029118
 53.097873 2024.365264
 53.115022 2046.420389
 53.132172 2072.192091
 53.149321 2079.915699
 53.16647 2055.622201
 53.183619 1997.000946
 53.200768 1912.906129
 53.217917 1817.895751
 53.235066 1727.706389
 53.252215 1654.844824
 53.269364 1606.507564
 53.286513 1586.544365
 53.303663 1597.342968
 53.320812 1641.138072
 53.337961 1719.478027
 53.35511 1830.316809
 53.372259 1965.124757
 53.389408 2107.0302
 53.406557 2232.620318
 53.423706 2318.097466
 53.440855 2346.209789
 53.458004 2313.030197
 53.475154 2229.04845
 53.492303 2114.9147
 53.509452 1993.70599
 53.526601 1883.517116
 53.54375 1793.543618
 53.560899 1724.540958
 53.578048 1672.286956
 53.595197 1631.393119
 53.612346 1598.689919
 53.629495 1572.393958
 53.646645 1553.541648
 53.663794 1544.293264
 53.680943 1547.510979
 53.698092 1567.827863
 53.715241 1609.024365
 53.73239 1674.591408
 53.749539 1764.749887
 53.766688 1873.944251
 53.783837 1989.494153
 53.800986 2092.859198
 53.818136 2163.950987
 53.835285 2187.360428
 53.852434 2157.623783
 53.869583 2081.354305
 53.886732 1974.800043
 53.903881 1858.205829
 53.92103 1749.609327
 53.938179 1660.64136
 53.955328 1595.475421
