res data
0.09316025880257447
0.09133997854402064
0.09180497938697907
0.09158195930742294
0.09785132100107383
0.09075778737272128
0.09133956489500615
0.09268666734273205
0.09246037413573141
0.0910541405893116
0.0909765239719031
0.0920481123408675
0.09508100793664828
0.09308695964846087
0.09234981284346393
0.095015284639686
0.0948531336811374
0.09399074219802098
0.09809821654274264
0.09432241465079357
0.09436445644703863
0.0928386848043831
0.125403694732374
0.09557771311074442
0.09569078716737624
0.09421726386027343
0.09766443928957884
0.09470865245855407
0.09491037887637237
0.1026731620432287
0.09608204565674676
0.08229417614178675
0.10020265818440716
0.09841072541054824
0.099994947886475
0.0969578715516511
0.08174862012035478
0.0979589548996129
0.09683392855610798
0.09970198113984326
0.09682875061738229
0.10231829302697247
0.1669707125687446
0.10175745887953225
0.10213177407382174
0.09697034586574808
0.12144699654233262
0.10070412881447162
0.13022448442866216
0.05526715306471737
0.10122001492289084
0.09843059521694801
0.08976946127378196
0.10157537570990416
0.0986903016301119
0.14048700474730172
0.08907638343870038
0.10005604587317131
0.0990657820056489
0.05540538543021528
0.10563027583313181
0.07562345720371132
0.10305579734665293
0.1008447968099848
peak data
 10.225123 5959.105324
 13.740689 4325.050087
 16.364501 1505.348334
 17.942218 3757.827801
 20.034409 9130.94743
 20.548882 5109.350582
 21.457784 25704.556493
 22.075151 22386.927446
 23.138396 4658.647234
 23.82436 8720.404405
 24.253087 3291.438471
 25.642164 16035.247772
 26.173786 11334.022735
 26.499619 3376.536471
 26.911198 2812.277596
 27.682907 5827.881509
 28.849046 3998.345303
 30.032334 8237.100316
 31.044131 19121.184736
 31.472858 4428.054384
 32.759041 2731.15106
 33.084874 4839.813886
 33.770838 8279.369616
 34.816933 5301.641604
 35.177064 1534.478704
 35.691537 9941.664155
 36.343203 3525.788503
 36.669036 2563.63561
 37.183509 1510.895726
 37.526491 2290.114131
 38.040964 5025.077217
 38.229604 3220.336896
 38.67548 3530.804371
 39.241401 2002.029136
Org data
 5.011797 1500.0
 5.028946 1500.0
 5.046095 1500.0
 5.063244 1500.0
 5.080393 1500.0
 5.097542 1500.0
 5.114692 1500.0
 5.131841 1500.0
 5.14899 1500.0
 5.166139 1500.0
 5.183288 1500.0
 5.200437 1500.0
 5.217586 1500.0
 5.234735 1500.0
 5.251884 1500.0
 5.269033 1500.0
 5.286182 1500.0
 5.303332 1500.0
 5.320481 1500.0
 5.33763 1500.0
 5.354779 1500.0
 5.371928 1500.0
 5.389077 1500.0
 5.406226 1500.0
 5.423375 1500.0
 5.440524 1500.0
 5.457674 1500.0
 5.474823 1500.0
 5.491972 1500.0
 5.509121 1500.0
 5.52627 1500.0
 5.543419 1500.0
 5.560568 1500.0
 5.577717 1500.0
 5.594866 1500.0
 5.612015 1500.0
 5.629164 1500.0
 5.646314 1500.0
 5.663463 1500.0
 5.680612 1500.0
 5.697761 1500.0
 5.71491 1500.0
 5.732059 1500.0
 5.749208 1500.0
 5.766357 1500.0
 5.783506 1500.0
 5.800656 1500.0
 5.817805 1500.0
 5.834954 1500.0
 5.852103 1500.0
 5.869252 1500.0
 5.886401 1500.0
 5.90355 1500.0
 5.920699 1500.0
 5.937848 1500.0
 5.954997 1500.0
 5.972147 1500.0
 5.989296 1500.0
 6.006445 1500.0
 6.023594 1500.0
 6.040743 1500.0
 6.057892 1500.0
 6.075041 1500.0
 6.09219 1500.0
 6.109339 1500.0
 6.126488 1500.0
 6.143638 1500.0
 6.160787 1500.0
 6.177936 1500.0
 6.195085 1500.0
 6.212234 1500.0
 6.229383 1500.0
 6.246532 1500.0
 6.263681 1500.0
 6.28083 1500.0
 6.297979 1500.0
 6.315129 1500.0
 6.332278 1500.0
 6.349427 1500.0
 6.366576 1500.0
 6.383725 1500.0
 6.400874 1500.0
 6.418023 1500.0
 6.435172 1500.0
 6.452321 1500.0
 6.46947 1500.0
 6.486619 1500.0
 6.503769 1500.0
 6.520918 1500.0
 6.538067 1500.0
 6.555216 1500.0
 6.572365 1500.0
 6.589514 1500.0
 6.606663 1500.0
 6.623812 1500.0
 6.640961 1500.0
 6.658111 1500.0
 6.67526 1500.0
 6.692409 1500.0
 6.709558 1500.0
 6.726707 1500.0
 6.743856 1500.0
 6.761005 1500.0
 6.778154 1500.0
 6.795303 1500.0
 6.812452 1500.0
 6.829601 1500.0
 6.846751 1500.0
 6.8639 1500.0
 6.881049 1500.0
 6.898198 1500.0
 6.915347 1500.0
 6.932496 1500.0
 6.949645 1500.0
 6.966794 1500.0
 6.983943 1500.0
 7.001093 1500.0
 7.018242 1500.0
 7.035391 1500.0
 7.05254 1500.0
 7.069689 1500.0
 7.086838 1500.0
 7.103987 1500.0
 7.121136 1500.0
 7.138285 1500.0
 7.155434 1500.0
 7.172584 1500.0
 7.189733 1500.0
 7.206882 1500.0
 7.224031 1500.0
 7.24118 1500.0
 7.258329 1500.0
 7.275478 1500.0
 7.292627 1500.0
 7.309776 1500.0
 7.326925 1500.0
 7.344074 1500.0
 7.361224 1500.0
 7.378373 1500.0
 7.395522 1500.0
 7.412671 1500.0
 7.42982 1500.0
 7.446969 1500.0
 7.464118 1500.0
 7.481267 1500.0
 7.498416 1500.0
 7.515566 1500.0
 7.532715 1500.0
 7.549864 1500.0
 7.567013 1500.0
 7.584162 1500.0
 7.601311 1500.0
 7.61846 1500.0
 7.635609 1500.0
 7.652758 1500.0
 7.669907 1500.0
 7.687057 1500.0
 7.704206 1500.0
 7.721355 1500.0
 7.738504 1500.0
 7.755653 1500.0
 7.772802 1500.0
 7.789951 1500.0
 7.8071 1500.0
 7.824249 1500.0
 7.841398 1500.0
 7.858548 1500.0
 7.875697 1500.0
 7.892846 1500.0
 7.909995 1500.0
 7.927144 1500.0
 7.944293 1500.0
 7.961442 1500.0
 7.978591 1500.0
 7.99574 1500.0
 8.012889 1500.0
 8.030038 1500.0
 8.047188 1500.0
 8.064337 1500.0
 8.081486 1500.0
 8.098635 1500.0
 8.115784 1500.0
 8.132933 1500.0
 8.150082 1500.0
 8.167231 1500.0
 8.18438 1500.0
 8.201529 1500.0
 8.218679 1500.0
 8.235828 1500.0
 8.252977 1500.0
 8.270126 1500.0
 8.287275 1500.0
 8.304424 1500.0
 8.321573 1500.0
 8.338722 1500.0
 8.355871 1500.0
 8.37302 1500.0
 8.39017 1500.0
 8.407319 1500.0
 8.424468 1500.0
 8.441617 1500.0
 8.458766 1500.0
 8.475915 1500.0
 8.493064 1500.0
 8.510213 1500.0
 8.527362 1500.0
 8.544512 1500.0
 8.561661 1500.0
 8.57881 1500.0
 8.595959 1500.0
 8.613108 1500.0
 8.630257 1500.0
 8.647406 1500.0
 8.664555 1500.0
 8.681704 1500.0
 8.698853 1500.0
 8.716003 1500.0
 8.733152 1500.0
 8.750301 1500.0
 8.76745 1500.0
 8.784599 1500.0
 8.801748 1500.0
 8.818897 1500.0
 8.836046 1500.0
 8.853195 1500.0
 8.870344 1500.0
 8.887493 1500.0
 8.904643 1500.0
 8.921792 1500.0
 8.938941 1500.0
 8.95609 1500.0
 8.973239 1500.0
 8.990388 1500.0
 9.007537 1500.0
 9.024686 1500.0
 9.041835 1500.0
 9.058985 1500.0
 9.076134 1500.0
 9.093283 1500.0
 9.110432 1500.0
 9.127581 1500.0
 9.14473 1500.0
 9.161879 1500.0
 9.179028 1500.0
 9.196177 1500.0
 9.213326 1500.0
 9.230476 1500.0
 9.247625 1500.0
 9.264774 1500.0
 9.281923 1500.0
 9.299072 1500.0
 9.316221 1500.0
 9.33337 1500.0
 9.350519 1500.0
 9.367668 1500.0
 9.384817 1500.0
 9.401967 1500.0
 9.419116 1500.0
 9.436265 1500.0
 9.453414 1500.0
 9.470563 1500.0
 9.487712 1500.0
 9.504861 1500.0
 9.52201 1500.0
 9.539159 1500.0
 9.556308 1500.0
 9.573458 1500.0
 9.590607 1500.0
 9.607756 1500.0
 9.624905 1500.0
 9.642054 1500.0
 9.659203 1500.0
 9.676352 1500.0
 9.693501 1500.0
 9.71065 1500.0
 9.727799 1500.0
 9.744948 1500.0
 9.762098 1500.0
 9.779247 1500.0
 9.796396 1500.0
 9.813545 1500.0
 9.830694 1500.0
 9.847843 1500.0
 9.864992 1500.0
 9.882141 1500.0
 9.89929 1500.0
 9.916439 1500.0
 9.933589 1500.0
 9.950738 1500.0
 9.967887 1500.0
 9.985036 1500.0
 10.002185 1500.0
 10.019334 1500.0
 10.036483 1500.0
 10.053632 1500.0
 10.070781 1500.0
 10.087931 1503.637118
 10.10508 1517.781991
 10.122229 1571.117024
 10.139378 1732.840391
 10.156527 2124.53319
 10.173676 2873.319852
 10.190825 3977.325618
 10.207974 5167.91483
 10.225123 5959.105324
 10.242272 5952.072453
 10.259422 5150.69373
 10.276571 3958.204345
 10.29372 2858.763942
 10.310869 2116.228057
 10.328018 1729.164161
 10.345167 1569.833002
 10.362316 1517.424704
 10.379465 1503.557445
 10.396614 1500.0
 10.413763 1500.0
 10.430913 1500.0
 10.448062 1500.0
 10.465211 1500.0
 10.48236 1500.0
 10.499509 1500.0
 10.516658 1500.0
 10.533807 1500.0
 10.550956 1500.0
 10.568105 1500.0
 10.585254 1500.0
 10.602404 1500.0
 10.619553 1500.0
 10.636702 1500.0
 10.653851 1500.0
 10.671 1500.0
 10.688149 1500.0
 10.705298 1500.0
 10.722447 1500.0
 10.739596 1500.0
 10.756745 1500.0
 10.773895 1500.0
 10.791044 1500.0
 10.808193 1500.0
 10.825342 1500.0
 10.842491 1500.0
 10.85964 1500.0
 10.876789 1500.0
 10.893938 1500.0
 10.911087 1500.0
 10.928236 1500.0
 10.945386 1500.0
 10.962535 1500.0
 10.979684 1500.0
 10.996833 1500.0
 11.013982 1500.0
 11.031131 1500.0
 11.04828 1500.0
 11.065429 1500.0
 11.082578 1500.0
 11.099727 1500.0
 11.116877 1500.0
 11.134026 1500.0
 11.151175 1500.0
 11.168324 1500.0
 11.185473 1500.0
 11.202622 1500.0
 11.219771 1500.0
 11.23692 1500.0
 11.254069 1500.0
 11.271218 1500.0
 11.288368 1500.0
 11.305517 1500.0
 11.322666 1500.0
 11.339815 1500.0
 11.356964 1500.0
 11.374113 1500.0
 11.391262 1500.0
 11.408411 1500.0
 11.42556 1500.0
 11.442709 1500.0
 11.459858 1500.0
 11.477008 1500.0
 11.494157 1500.0
 11.511306 1500.0
 11.528455 1500.0
 11.545604 1500.0
 11.562753 1500.0
 11.579902 1500.0
 11.597051 1500.0
 11.6142 1500.0
 11.63135 1500.0
 11.648499 1500.0
 11.665648 1500.0
 11.682797 1500.0
 11.699946 1500.0
 11.717095 1500.0
 11.734244 1500.0
 11.751393 1500.0
 11.768542 1500.0
 11.785691 1500.0
 11.802841 1500.0
 11.81999 1500.0
 11.837139 1500.0
 11.854288 1500.0
 11.871437 1500.0
 11.888586 1500.0
 11.905735 1500.0
 11.922884 1500.0
 11.940033 1500.0
 11.957182 1500.0
 11.974332 1500.0
 11.991481 1500.0
 12.00863 1500.0
 12.025779 1500.0
 12.042928 1500.0
 12.060077 1500.0
 12.077226 1500.0
 12.094375 1500.0
 12.111524 1500.0
 12.128673 1500.0
 12.145823 1500.0
 12.162972 1500.0
 12.180121 1500.0
 12.19727 1500.0
 12.214419 1500.0
 12.231568 1500.0
 12.248717 1500.0
 12.265866 1500.0
 12.283015 1500.0
 12.300164 1500.0
 12.317314 1500.0
 12.334463 1500.0
 12.351612 1500.0
 12.368761 1500.0
 12.38591 1500.0
 12.403059 1500.0
 12.420208 1500.0
 12.437357 1500.0
 12.454506 1500.0
 12.471655 1500.0
 12.488805 1500.0
 12.505954 1500.0
 12.523103 1500.0
 12.540252 1500.0
 12.557401 1500.0
 12.57455 1500.0
 12.591699 1500.0
 12.608848 1500.0
 12.625997 1500.0
 12.643146 1500.0
 12.660296 1500.0
 12.677445 1500.0
 12.694594 1500.0
 12.711743 1500.0
 12.728892 1500.0
 12.746041 1500.0
 12.76319 1500.0
 12.780339 1500.0
 12.797488 1500.0
 12.814637 1500.0
 12.831787 1500.0
 12.848936 1500.0
 12.866085 1500.0
 12.883234 1500.0
 12.900383 1500.0
 12.917532 1500.0
 12.934681 1500.0
 12.95183 1500.0
 12.968979 1500.0
 12.986128 1500.0
 13.003277 1500.0
 13.020427 1500.0
 13.037576 1500.0
 13.054725 1500.0
 13.071874 1500.0
 13.089023 1500.0
 13.106172 1500.0
 13.123321 1500.0
 13.14047 1500.0
 13.157619 1500.0
 13.174768 1500.0
 13.191918 1500.0
 13.209067 1500.0
 13.226216 1500.0
 13.243365 1500.0
 13.260514 1500.0
 13.277663 1500.0
 13.294812 1500.0
 13.311961 1500.0
 13.32911 1500.0
 13.346259 1500.0
 13.363409 1500.0
 13.380558 1500.0
 13.397707 1500.0
 13.414856 1500.0
 13.432005 1500.0
 13.449154 1500.0
 13.466303 1500.0
 13.483452 1500.0
 13.500601 1500.0
 13.517751 1500.0
 13.5349 1500.0
 13.552049 1500.0
 13.569198 1500.0
 13.586347 1501.449775
 13.603496 1507.377322
 13.620645 1530.852677
 13.637794 1606.062304
 13.654943 1799.714649
 13.672092 2196.088591
 13.689242 2828.290339
 13.706391 3581.597475
 13.72354 4177.520264
 13.740689 4325.050087
 13.757838 3943.342421
 13.774987 3231.051542
 13.792136 2503.949432
 13.809285 1976.335283
 13.826434 1684.780219
 13.843583 1558.574142
 13.860733 1515.165427
 13.877882 1503.205655
 13.895031 1500.0
 13.91218 1500.0
 13.929329 1500.0
 13.946478 1500.0
 13.963627 1500.0
 13.980776 1500.0
 13.997925 1500.0
 14.015074 1500.0
 14.032224 1500.0
 14.049373 1500.0
 14.066522 1500.0
 14.083671 1500.0
 14.10082 1500.0
 14.117969 1500.0
 14.135118 1500.0
 14.152267 1500.0
 14.169416 1500.0
 14.186565 1500.0
 14.203715 1500.0
 14.220864 1500.0
 14.238013 1500.0
 14.255162 1500.0
 14.272311 1500.0
 14.28946 1500.0
 14.306609 1500.0
 14.323758 1500.0
 14.340907 1500.0
 14.358056 1500.0
 14.375206 1500.0
 14.392355 1500.0
 14.409504 1500.0
 14.426653 1500.0
 14.443802 1500.0
 14.460951 1500.0
 14.4781 1500.0
 14.495249 1500.0
 14.512398 1500.0
 14.529547 1500.0
 14.546696 1500.0
 14.563846 1500.0
 14.580995 1500.0
 14.598144 1500.0
 14.615293 1500.0
 14.632442 1500.0
 14.649591 1500.0
 14.66674 1500.0
 14.683889 1500.0
 14.701038 1500.0
 14.718187 1500.0
 14.735337 1500.0
 14.752486 1500.0
 14.769635 1500.0
 14.786784 1500.0
 14.803933 1500.0
 14.821082 1500.0
 14.838231 1500.0
 14.85538 1500.0
 14.872529 1500.0
 14.889678 1500.0
 14.906828 1500.0
 14.923977 1500.0
 14.941126 1500.0
 14.958275 1500.0
 14.975424 1500.0
 14.992573 1500.0
 15.009722 1500.0
 15.026871 1500.0
 15.04402 1500.0
 15.06117 1500.0
 15.078319 1500.0
 15.095468 1500.0
 15.112617 1500.0
 15.129766 1500.0
 15.146915 1500.0
 15.164064 1500.0
 15.181213 1500.0
 15.198362 1500.0
 15.215511 1500.0
 15.232661 1500.0
 15.24981 1500.0
 15.266959 1500.0
 15.284108 1500.0
 15.301257 1500.0
 15.318406 1500.0
 15.335555 1500.0
 15.352704 1500.0
 15.369853 1500.0
 15.387002 1500.0
 15.404152 1500.0
 15.421301 1500.0
 15.43845 1500.0
 15.455599 1500.0
 15.472748 1500.0
 15.489897 1500.0
 15.507046 1500.0
 15.524195 1500.0
 15.541344 1500.0
 15.558493 1500.0
 15.575643 1500.0
 15.592792 1500.0
 15.609941 1500.0
 15.62709 1500.0
 15.644239 1500.0
 15.661388 1500.0
 15.678537 1500.0
 15.695686 1500.0
 15.712835 1500.0
 15.729984 1500.0
 15.747134 1500.0
 15.764283 1500.0
 15.781432 1500.0
 15.798581 1500.0
 15.81573 1500.0
 15.832879 1500.0
 15.850028 1500.0
 15.867177 1500.0
 15.884326 1500.0
 15.901475 1500.0
 15.918625 1500.0
 15.935774 1500.0
 15.952923 1500.0
 15.970072 1500.0
 15.987221 1500.0
 16.00437 1500.0
 16.021519 1500.0
 16.038668 1500.0
 16.055817 1500.0
 16.072966 1500.0
 16.090116 1500.0
 16.107265 1500.0
 16.124414 1500.0
 16.141563 1500.0
 16.158712 1500.0
 16.175861 1500.0
 16.19301 1500.0
 16.210159 1500.0
 16.227308 1500.006185
 16.244457 1500.029019
 16.261606 1500.111342
 16.278756 1500.349498
 16.295905 1500.89799
 16.313054 1501.889667
 16.330203 1503.258784
 16.347352 1504.608594
 16.364501 1505.348334
 16.38165 1505.09682
 16.398799 1503.991087
 16.415948 1502.569494
 16.433097 1501.360757
 16.450247 1500.59299
 16.467396 1500.212687
 16.484545 1500.062789
 16.501694 1500.015255
 16.518843 1500.003049
 16.535992 1500.0
 16.553141 1500.0
 16.57029 1500.0
 16.587439 1500.0
 16.604589 1500.0
 16.621738 1500.0
 16.638887 1500.0
 16.656036 1500.0
 16.673185 1500.0
 16.690334 1500.0
 16.707483 1500.0
 16.724632 1500.0
 16.741781 1500.0
 16.75893 1500.0
 16.77608 1500.0
 16.793229 1500.0
 16.810378 1500.0
 16.827527 1500.0
 16.844676 1500.0
 16.861825 1500.0
 16.878974 1500.0
 16.896123 1500.0
 16.913272 1500.0
 16.930421 1500.0
 16.947571 1500.0
 16.96472 1500.0
 16.981869 1500.0
 16.999018 1500.0
 17.016167 1500.0
 17.033316 1500.0
 17.050465 1500.0
 17.067614 1500.0
 17.084763 1500.0
 17.101912 1500.0
 17.119062 1500.0
 17.136211 1500.0
 17.15336 1500.0
 17.170509 1500.0
 17.187658 1500.0
 17.204807 1500.0
 17.221956 1500.0
 17.239105 1500.0
 17.256254 1500.0
 17.273403 1500.0
 17.290553 1500.0
 17.307702 1500.0
 17.324851 1500.0
 17.342 1500.0
 17.359149 1500.0
 17.376298 1500.0
 17.393447 1500.0
 17.410596 1500.0
 17.427745 1500.0
 17.444894 1500.0
 17.462044 1500.0
 17.479193 1500.0
 17.496342 1500.0
 17.513491 1500.0
 17.53064 1500.0
 17.547789 1500.0
 17.564938 1500.0
 17.582087 1500.0
 17.599236 1500.0
 17.616385 1500.0
 17.633535 1500.0
 17.650684 1500.0
 17.667833 1500.0
 17.684982 1500.0
 17.702131 1500.0
 17.71928 1500.0
 17.736429 1500.0
 17.753578 1500.0
 17.770727 1500.0
 17.787876 1500.0
 17.805025 1502.828905
 17.822175 1513.13761
 17.839324 1549.905094
 17.856473 1655.118031
 17.873622 1894.683711
 17.890771 2322.449498
 17.90792 2904.327933
 17.925069 3465.95784
 17.942218 3757.827801
 17.959367 3628.603864
 17.976516 3148.415727
 17.993666 2549.254503
 18.010815 2049.279379
 18.027964 1736.607831
 18.045113 1583.90138
 18.062262 1524.498444
 18.079411 1505.891128
 18.09656 1501.166653
 18.113709 1500.0
 18.130858 1500.0
 18.148008 1500.0
 18.165157 1500.0
 18.182306 1500.0
 18.199455 1500.0
 18.216604 1500.0
 18.233753 1500.0
 18.250902 1500.0
 18.268051 1500.0
 18.2852 1500.0
 18.302349 1500.0
 18.319499 1500.0
 18.336648 1500.0
 18.353797 1500.0
 18.370946 1500.0
 18.388095 1500.0
 18.405244 1500.0
 18.422393 1500.0
 18.439542 1500.0
 18.456691 1500.0
 18.47384 1500.0
 18.49099 1500.0
 18.508139 1500.0
 18.525288 1500.0
 18.542437 1500.0
 18.559586 1500.0
 18.576735 1500.0
 18.593884 1500.0
 18.611033 1500.0
 18.628182 1500.0
 18.645331 1500.0
 18.662481 1500.0
 18.67963 1500.0
 18.696779 1500.0
 18.713928 1500.0
 18.731077 1500.0
 18.748226 1500.0
 18.765375 1500.0
 18.782524 1500.0
 18.799673 1500.0
 18.816822 1500.0
 18.833972 1500.0
 18.851121 1500.0
 18.86827 1500.0
 18.885419 1500.0
 18.902568 1500.0
 18.919717 1500.0
 18.936866 1500.0
 18.954015 1500.0
 18.971164 1500.0
 18.988313 1500.0
 19.005463 1500.0
 19.022612 1500.0
 19.039761 1500.0
 19.05691 1500.0
 19.074059 1500.0
 19.091208 1500.0
 19.108357 1500.0
 19.125506 1500.0
 19.142655 1500.0
 19.159804 1500.0
 19.176954 1500.0
 19.194103 1500.0
 19.211252 1500.0
 19.228401 1500.0
 19.24555 1500.0
 19.262699 1500.0
 19.279848 1500.0
 19.296997 1500.0
 19.314146 1500.0
 19.331295 1500.0
 19.348444 1500.0
 19.365594 1500.0
 19.382743 1500.0
 19.399892 1500.0
 19.417041 1500.0
 19.43419 1500.0
 19.451339 1500.0
 19.468488 1500.0
 19.485637 1500.0
 19.502786 1500.0
 19.519935 1500.0
 19.537085 1500.0
 19.554234 1500.0
 19.571383 1500.0
 19.588532 1500.0
 19.605681 1500.0
 19.62283 1500.0
 19.639979 1500.0
 19.657128 1500.0
 19.674277 1500.0
 19.691427 1500.0
 19.708576 1500.0
 19.725725 1500.0
 19.742874 1500.0
 19.760023 1500.0
 19.777172 1500.0
 19.794321 1500.0
 19.81147 1500.0
 19.828619 1500.0
 19.845768 1500.0
 19.862918 1500.0
 19.880067 1507.107784
 19.897216 1534.714724
 19.914365 1632.197563
 19.931514 1914.311115
 19.948663 2570.819125
 19.965812 3788.304747
 19.982961 5555.847802
 20.00011 7484.02
 20.017259 8878.065052
 20.034409 9130.94743
 20.051558 8141.600583
 20.068707 6373.916568
 20.085856 4516.85512
 20.103005 3073.020574
 20.120154 2189.036424
 20.137303 1752.648465
 20.154452 1577.242426
 20.171601 1519.61624
 20.18875 1503.845813
 20.2059 1500.0
 20.223049 1500.0
 20.240198 1500.0
 20.257347 1500.0
 20.274496 1500.0
 20.291645 1500.0
 20.308794 1500.0
 20.325943 1500.0
 20.343092 1500.0
 20.360241 1500.0
 20.377391 1500.0
 20.39454 1500.0
 20.411689 1505.387262
 20.428838 1524.548716
 20.445987 1591.480349
 20.463136 1778.809095
 20.480285 2195.048506
 20.497434 2917.455848
 20.514583 3865.139299
 20.531732 4729.488206
 20.548882 5109.350582
 20.566031 4802.510417
 20.58318 3974.537363
 20.600329 3018.825256
 20.617478 2263.887364
 20.634627 1814.931788
 20.651776 1606.473192
 20.668925 1529.531293
 20.686074 1506.722526
 20.703223 1501.256559
 20.720373 1500.0
 20.737522 1500.0
 20.754671 1500.0
 20.77182 1500.0
 20.788969 1500.0
 20.806118 1500.0
 20.823267 1500.0
 20.840416 1500.0
 20.857565 1500.0
 20.874714 1500.0
 20.891863 1500.0
 20.909013 1500.0
 20.926162 1500.0
 20.943311 1500.0
 20.96046 1500.0
 20.977609 1500.0
 20.994758 1500.0
 21.011907 1500.0
 21.029056 1500.0
 21.046205 1500.0
 21.063354 1500.0
 21.080504 1500.0
 21.097653 1500.0
 21.114802 1500.0
 21.131951 1500.0
 21.1491 1500.0
 21.166249 1500.0
 21.183398 1500.0
 21.200547 1500.0
 21.217696 1500.0
 21.234845 1500.0
 21.251995 1500.0
 21.269144 1500.0
 21.286293 1500.0
 21.303442 1510.394568
 21.320591 1553.658711
 21.33774 1728.162693
 21.354889 2298.828416
 21.372038 3801.836745
 21.389187 6956.301567
 21.406336 12134.264792
 21.423486 18532.70393
 21.440635 23908.572746
 21.457784 25704.556493
 21.474933 22955.765279
 21.492082 17102.067262
 21.509231 10803.696614
 21.52638 6048.046826
 21.543529 3322.079417
 21.560678 2098.101463
 21.577827 1660.825132
 21.594977 1535.417959
 21.612126 1500.0
 21.629275 1500.0
 21.646424 1500.0
 21.663573 1500.0
 21.680722 1500.0
 21.697871 1500.0
 21.71502 1500.0
 21.732169 1500.0
 21.749319 1500.0
 21.766468 1500.0
 21.783617 1500.0
 21.800766 1500.0
 21.817915 1500.0
 21.835064 1500.0
 21.852213 1500.0
 21.869362 1500.0
 21.886511 1500.0
 21.90366 1500.0
 21.92081 1514.018484
 21.937959 1567.918019
 21.955108 1771.63122
 21.972257 2397.103664
 21.989406 3947.15244
 22.006555 7013.727676
 22.023704 11759.55265
 22.040853 17260.526306
 22.058002 21478.823866
 22.075151 22386.927446
 22.092301 19496.960039
 22.10945 14271.424988
 22.126599 8959.089034
 22.143748 5082.906292
 22.160897 2914.491781
 22.178046 1958.684196
 22.195195 1622.10489
 22.212344 1526.671154
 22.229493 1500.0
 22.246642 1500.0
 22.263792 1500.0
 22.280941 1500.0
 22.29809 1500.0
 22.315239 1500.0
 22.332388 1500.0
 22.349537 1500.0
 22.366686 1500.0
 22.383835 1500.0
 22.400984 1500.0
 22.418133 1500.0
 22.435283 1500.0
 22.452432 1500.0
 22.469581 1500.0
 22.48673 1500.0
 22.503879 1500.0
 22.521028 1500.0
 22.538177 1500.0
 22.555326 1500.0
 22.572475 1500.0
 22.589624 1500.0
 22.606773 1500.0
 22.623923 1500.0
 22.641072 1500.0
 22.658221 1500.0
 22.67537 1500.0
 22.692519 1500.0
 22.709668 1500.0
 22.726817 1500.0
 22.743966 1500.0
 22.761115 1500.0
 22.778264 1500.0
 22.795414 1500.0
 22.812563 1500.0
 22.829712 1500.0
 22.846861 1500.0
 22.86401 1500.0
 22.881159 1500.0
 22.898308 1500.0
 22.915457 1500.0
 22.932606 1500.0
 22.949755 1500.0
 22.966905 1500.0
 22.984054 1500.0
 23.001203 1504.368689
 23.018352 1519.780509
 23.035501 1573.528936
 23.05265 1724.480305
 23.069799 2063.097192
 23.086948 2661.131156
 23.104097 3469.247464
 23.121246 4248.443461
 23.138396 4658.647234
 23.155545 4490.963829
 23.172694 3834.983871
 23.189843 3003.747868
 23.206992 2299.313817
 23.224141 1850.839274
 23.24129 1627.20327
 23.258439 1538.104984
 23.275588 1509.431705
 23.292738 1501.928813
 23.309887 1500.0
 23.327036 1500.0
 23.344185 1500.0
 23.361334 1500.0
 23.378483 1500.0
 23.395632 1500.0
 23.412781 1500.0
 23.42993 1500.0
 23.447079 1500.0
 23.464229 1500.0
 23.481378 1500.0
 23.498527 1500.0
 23.515676 1500.0
 23.532825 1500.0
 23.549974 1500.0
 23.567123 1500.0
 23.584272 1500.0
 23.601421 1500.0
 23.61857 1500.0
 23.63572 1500.0
 23.652869 1500.0
 23.670018 1502.377094
 23.687167 1512.925713
 23.704316 1557.407427
 23.721465 1708.482943
 23.738614 2119.607297
 23.755763 3007.881851
 23.772912 4506.180463
 23.790061 6411.343625
 23.807211 8076.955958
 23.82436 8720.404405
 23.841509 7999.212101
 23.858658 6296.855043
 23.875807 4403.16003
 23.892956 2940.842899
 23.910105 2086.40781
 23.927254 1695.713956
 23.944403 1553.564986
 23.961552 1512.021909
 23.978702 1500.0
 23.995851 1500.0
 24.013 1500.0
 24.030149 1500.0
 24.047298 1500.0
 24.064447 1500.0
 24.081596 1500.0
 24.098745 1500.0
 24.115894 1503.107327
 24.133043 1513.805042
 24.150192 1550.291024
 24.167342 1650.363795
 24.184491 1867.905436
 24.20164 2237.041221
 24.218789 2709.418718
 24.235938 3125.981796
 24.253087 3291.438471
 24.270236 3117.724063
 24.287385 2697.496239
 24.304534 2226.688017
 24.321683 1861.536764
 24.338833 1647.470832
 24.355982 1549.319833
 24.373131 1513.524059
 24.39028 1503.040657
 24.407429 1500.0
 24.424578 1500.0
 24.441727 1500.0
 24.458876 1500.0
 24.476025 1500.0
 24.493174 1500.0
 24.510324 1500.0
 24.527473 1500.0
 24.544622 1500.0
 24.561771 1500.0
 24.57892 1500.0
 24.596069 1500.0
 24.613218 1500.0
 24.630367 1500.0
 24.647516 1500.0
 24.664665 1500.0
 24.681815 1500.0
 24.698964 1500.0
 24.716113 1500.0
 24.733262 1500.0
 24.750411 1500.0
 24.76756 1500.0
 24.784709 1500.0
 24.801858 1500.0
 24.819007 1500.0
 24.836157 1500.0
 24.853306 1500.0
 24.870455 1500.0
 24.887604 1500.0
 24.904753 1500.0
 24.921902 1500.0
 24.939051 1500.0
 24.9562 1500.0
 24.973349 1500.0
 24.990498 1500.0
 25.007648 1500.0
 25.024797 1500.0
 25.041946 1500.0
 25.059095 1500.0
 25.076244 1500.0
 25.093393 1500.0
 25.110542 1500.0
 25.127691 1500.0
 25.14484 1500.0
 25.161989 1500.0
 25.179139 1500.0
 25.196288 1500.0
 25.213437 1500.0
 25.230586 1500.0
 25.247735 1500.0
 25.264884 1500.0
 25.282033 1500.0
 25.299182 1500.0
 25.316331 1500.0
 25.33348 1500.0
 25.35063 1500.0
 25.367779 1500.0
 25.384928 1500.0
 25.402077 1500.0
 25.419226 1500.0
 25.436375 1500.0
 25.453524 1500.0
 25.470673 1500.0
 25.487822 1500.0
 25.504971 1523.575579
 25.522121 1604.494983
 25.53927 1880.563112
 25.556419 2639.030331
 25.573568 4302.286707
 25.590717 7168.435548
 25.607866 10929.882237
 25.625015 14405.53561
 25.642164 16035.247772
 25.659313 14977.54928
 25.676462 11792.513454
 25.693611 7976.592253
 25.710761 4859.60568
 25.72791 2937.321134
 25.745059 2007.398724
 25.762208 1647.867758
 25.779357 1535.588435
 25.796506 1507.076427
 25.813655 1500.0
 25.830804 1500.0
 25.847953 1500.0
 25.865102 1500.0
 25.882252 1500.0
 25.899401 1500.0
 25.91655 1500.0
 25.933699 1500.0
 25.950848 1500.0
 25.967997 1500.0
 25.985146 1500.0
 26.002295 1500.0
 26.019444 1510.389717
 26.036593 1547.504744
 26.053743 1679.467358
 26.070892 2060.544888
 26.088041 2948.302475
 26.10519 4597.093515
 26.122339 6983.787961
 26.139488 9542.210891
 26.156637 11270.558081
 26.173786 11334.022735
 26.190935 9699.109457
 26.208084 7161.367869
 26.225234 4736.216075
 26.242383 3030.783034
 26.259532 2098.847163
 26.276681 1693.63789
 26.29383 1551.721748
 26.310979 1511.405165
 26.328128 1500.0
 26.345277 1500.0
 26.362426 1502.823597
 26.379576 1512.530349
 26.396725 1545.777369
 26.413874 1637.729965
 26.431023 1841.412326
 26.448172 2197.60038
 26.465321 2675.53024
 26.48247 3134.556594
 26.499619 3376.536471
 26.516768 3279.765969
 26.533917 2895.318916
 26.551067 2404.758387
 26.568216 1985.468519
 26.585365 1715.647804
 26.602514 1579.327804
 26.619663 1524.170695
 26.636812 1506.100471
 26.653961 1501.275304
 26.67111 1500.0
 26.688259 1500.0
 26.705408 1500.0
 26.722558 1500.0
 26.739707 1500.0
 26.756856 1500.0
 26.774005 1502.182905
 26.791154 1509.61369
 26.808303 1534.818326
 26.825452 1603.724489
 26.842601 1754.22551
 26.85975 2012.79925
 26.876899 2351.55162
 26.894049 2664.595325
 26.911198 2812.277596
 26.928347 2718.90575
 26.945496 2433.759855
 26.962645 2090.289464
 26.979794 1808.117592
 26.996943 1632.877904
 27.014092 1547.373435
 27.031241 1513.970484
 27.04839 1503.409629
 27.06554 1500.688987
 27.082689 1500.0
 27.099838 1500.0
 27.116987 1500.0
 27.134136 1500.0
 27.151285 1500.0
 27.168434 1500.0
 27.185583 1500.0
 27.202732 1500.0
 27.219881 1500.0
 27.23703 1500.0
 27.25418 1500.0
 27.271329 1500.0
 27.288478 1500.0
 27.305627 1500.0
 27.322776 1500.0
 27.339925 1500.0
 27.357074 1500.0
 27.374223 1500.0
 27.391372 1500.0
 27.408521 1500.0
 27.425671 1500.0
 27.44282 1500.0
 27.459969 1500.0
 27.477118 1500.0
 27.494267 1500.0
 27.511416 1500.802965
 27.528565 1504.426123
 27.545714 1520.181243
 27.562863 1576.162083
 27.580012 1738.040627
 27.597162 2116.472747
 27.614311 2823.482545
 27.63146 3856.164676
 27.648609 4979.038195
 27.665758 5760.86604
 27.682907 5827.881509
 27.700056 5144.879149
 27.717205 4044.237469
 27.734354 2971.263702
 27.751503 2204.434266
 27.768653 1779.0909
 27.785802 1591.439827
 27.802951 1524.759399
 27.8201 1505.537318
 27.837249 1501.022277
 27.854398 1500.0
 27.871547 1500.0
 27.888696 1500.0
 27.905845 1500.0
 27.922995 1500.0
 27.940144 1500.0
 27.957293 1500.0
 27.974442 1500.0
 27.991591 1500.0
 28.00874 1500.0
 28.025889 1500.0
 28.043038 1500.0
 28.060187 1500.0
 28.077336 1500.0
 28.094486 1500.0
 28.111635 1500.0
 28.128784 1500.0
 28.145933 1500.0
 28.163082 1500.0
 28.180231 1500.0
 28.19738 1500.0
 28.214529 1500.0
 28.231678 1500.0
 28.248827 1500.0
 28.265977 1500.0
 28.283126 1500.0
 28.300275 1500.0
 28.317424 1500.0
 28.334573 1500.0
 28.351722 1500.0
 28.368871 1500.0
 28.38602 1500.0
 28.403169 1500.0
 28.420318 1500.0
 28.437468 1500.0
 28.454617 1500.0
 28.471766 1500.0
 28.488915 1500.0
 28.506064 1500.0
 28.523213 1500.0
 28.540362 1500.0
 28.557511 1500.0
 28.57466 1500.0
 28.591809 1500.0
 28.608959 1500.0
 28.626108 1500.0
 28.643257 1500.0
 28.660406 1500.0
 28.677555 1500.443536
 28.694704 1502.440279
 28.711853 1511.124129
 28.729002 1542.039202
 28.746151 1631.772477
 28.7633 1842.734967
 28.78045 2239.926262
 28.797599 2826.143393
 28.814748 3473.231805
 28.831897 3937.259807
 28.849046 3998.345303
 28.866195 3624.556038
 28.883344 2998.112361
 28.900493 2375.477833
 28.917642 1923.75528
 28.934791 1669.781585
 28.95194 1556.274172
 28.96909 1515.421168
 28.986239 1503.492016
 29.003388 1500.653079
 29.020537 1500.0
 29.037686 1500.0
 29.054835 1500.0
 29.071984 1500.0
 29.089133 1500.0
 29.106282 1500.0
 29.123431 1500.0
 29.140581 1500.0
 29.15773 1500.0
 29.174879 1500.0
 29.192028 1500.0
 29.209177 1500.0
 29.226326 1500.0
 29.243475 1500.0
 29.260624 1500.0
 29.277773 1500.0
 29.294922 1500.0
 29.312072 1500.0
 29.329221 1500.0
 29.34637 1500.0
 29.363519 1500.0
 29.380668 1500.0
 29.397817 1500.0
 29.414966 1500.0
 29.432115 1500.0
 29.449264 1500.0
 29.466414 1500.0
 29.483563 1500.0
 29.500712 1500.0
 29.517861 1500.0
 29.53501 1500.0
 29.552159 1500.0
 29.569308 1500.0
 29.586457 1500.0
 29.603606 1500.0
 29.620755 1500.0
 29.637905 1500.0
 29.655054 1500.0
 29.672203 1500.0
 29.689352 1500.0
 29.706501 1500.0
 29.72365 1500.031282
 29.740799 1500.163596
 29.757948 1500.705692
 29.775097 1502.511333
 29.792246 1507.374537
 29.809396 1517.873696
 29.826545 1535.76567
 29.843694 1559.105723
 29.860843 1580.697281
 29.877992 1593.155943
 29.895141 1595.980554
 29.91229 1613.406122
 29.929439 1713.366321
 29.946588 2030.123586
 29.963737 2753.625096
 29.980887 4022.895277
 29.998036 5723.581148
 30.015185 7360.008808
 30.032334 8237.100316
 30.049483 7921.00759
 30.066632 6576.079604
 30.083781 4830.269365
 30.10093 3314.085698
 30.118079 2320.777091
 30.135228 1808.526504
 30.152378 1596.363522
 30.169527 1525.007923
 30.186676 1505.39161
 30.203825 1500.965406
 30.220974 1500.0
 30.238123 1500.0
 30.255272 1500.0
 30.272421 1500.0
 30.28957 1500.0
 30.306719 1500.0
 30.323869 1500.0
 30.341018 1500.0
 30.358167 1500.0
 30.375316 1500.0
 30.392465 1500.0
 30.409614 1500.0
 30.426763 1500.0
 30.443912 1500.0
 30.461061 1500.0
 30.47821 1500.0
 30.495359 1500.0
 30.512509 1500.0
 30.529658 1500.0
 30.546807 1500.0
 30.563956 1500.0
 30.581105 1500.0
 30.598254 1500.0
 30.615403 1500.0
 30.632552 1500.0
 30.649701 1500.0
 30.66685 1500.0
 30.684 1500.0
 30.701149 1500.0
 30.718298 1500.0
 30.735447 1500.0
 30.752596 1500.0
 30.769745 1500.0
 30.786894 1500.0
 30.804043 1500.0
 30.821192 1500.0
 30.838341 1500.0
 30.855491 1500.0
 30.87264 1503.25074
 30.889789 1517.637656
 30.906938 1579.471932
 30.924087 1797.524827
 30.941236 2425.889901
 30.958385 3895.905464
 30.975534 6656.813062
 30.992683 10732.803875
 31.009832 15253.079545
 31.026982 18551.233808
 31.044131 19121.184736
 31.06128 16752.70018
 31.078429 12723.389302
 31.095578 8811.34517
 31.112727 6107.279008
 31.129876 4643.842846
 31.147025 3868.874236
 31.164174 3281.959267
 31.181324 2708.406313
 31.198473 2201.142602
 31.215622 1840.230502
 31.232771 1637.925752
 31.24992 1546.34241
 31.267069 1512.898154
 31.284218 1502.972093
 31.301367 1500.566724
 31.318516 1500.956262
 31.335665 1504.974652
 31.352815 1521.393482
 31.369964 1576.084505
 31.387113 1723.867661
 31.404262 2045.221918
 31.421411 2599.688438
 31.43856 3337.921364
 31.455709 4046.869141
 31.472858 4428.054384
 31.490007 4294.573561
 31.507156 3715.528544
 31.524306 2959.838365
 31.541455 2299.842167
 31.558604 1864.532931
 31.575753 1638.231601
 31.592902 1543.61727
 31.610051 1511.451625
 31.6272 1502.501187
 31.644349 1500.454308
 31.661498 1500.0
 31.678647 1500.0
 31.695797 1500.0
 31.712946 1500.0
 31.730095 1500.0
 31.747244 1500.0
 31.764393 1500.0
 31.781542 1500.0
 31.798691 1500.0
 31.81584 1500.0
 31.832989 1500.0
 31.850138 1500.0
 31.867288 1500.0
 31.884437 1500.0
 31.901586 1500.0
 31.918735 1500.0
 31.935884 1500.0
 31.953033 1500.0
 31.970182 1500.0
 31.987331 1500.0
 32.00448 1500.0
 32.021629 1500.0
 32.038778 1500.0
 32.055928 1500.0
 32.073077 1500.0
 32.090226 1500.0
 32.107375 1500.0
 32.124524 1500.0
 32.141673 1500.0
 32.158822 1500.0
 32.175971 1500.0
 32.19312 1500.0
 32.21027 1500.0
 32.227419 1500.0
 32.244568 1500.0
 32.261717 1500.0
 32.278866 1500.0
 32.296015 1500.0
 32.313164 1500.0
 32.330313 1500.0
 32.347462 1500.0
 32.364611 1500.0
 32.38176 1500.0
 32.39891 1500.0
 32.416059 1500.0
 32.433208 1500.0
 32.450357 1500.0
 32.467506 1500.0
 32.484655 1500.0
 32.501804 1500.0
 32.518953 1500.0
 32.536102 1500.0
 32.553252 1500.0
 32.570401 1500.0
 32.58755 1500.0
 32.604699 1500.438148
 32.621848 1502.246275
 32.638997 1509.533816
 32.656146 1533.509411
 32.673295 1597.569703
 32.690444 1735.440507
 32.707593 1971.034863
 32.724743 2281.690347
 32.741892 2576.575831
 32.759041 2731.15106
 32.77619 2669.683851
 32.793339 2423.735167
 32.810488 2106.693226
 32.827637 1831.538795
 32.844786 1650.804483
 32.861935 1557.113804
 32.879084 1518.013603
 32.896234 1504.731804
 32.913383 1501.28222
 32.930532 1501.701923
 32.947681 1507.648976
 32.96483 1531.915673
 32.981979 1609.973085
 32.999128 1813.007541
 33.016277 2236.013326
 33.033426 2929.994678
 33.050575 3795.832796
 33.067725 4546.002444
 33.084874 4839.813886
 33.102023 4526.407377
 33.119172 3766.47825
 33.136321 2902.804406
 33.15347 2217.569253
 33.170619 1803.353939
 33.187768 1605.986694
 33.204917 1530.603073
 33.222066 1507.30275
 33.239216 1501.440161
 33.256365 1500.0
 33.273514 1500.0
 33.290663 1500.0
 33.307812 1500.0
 33.324961 1500.0
 33.34211 1500.0
 33.359259 1500.0
 33.376408 1500.0
 33.393557 1500.0
 33.410707 1500.0
 33.427856 1500.0
 33.445005 1500.0
 33.462154 1500.0
 33.479303 1500.0
 33.496452 1500.0
 33.513601 1500.840796
 33.53075 1504.321323
 33.547899 1518.433649
 33.565048 1565.296309
 33.582197 1692.166527
 33.599347 1970.672305
 33.616496 2459.917811
 33.633645 3136.296236
 33.650794 3851.233951
 33.667943 4410.916157
 33.685092 4767.611547
 33.702241 5136.654021
 33.71939 5837.102502
 33.736539 6920.152646
 33.753689 7955.120495
 33.770838 8279.369616
 33.787987 7540.414561
 33.805136 5994.90587
 33.822285 4277.067476
 33.839434 2921.402246
 33.856583 2102.12956
 33.873732 1711.128848
 33.890881 1561.24815
 33.90803 1514.699884
 33.925179 1502.918764
 33.942329 1500.0
 33.959478 1500.0
 33.976627 1500.0
 33.993776 1500.0
 34.010925 1500.0
 34.028074 1500.0
 34.045223 1500.0
 34.062372 1500.0
 34.079521 1500.0
 34.096671 1500.0
 34.11382 1500.0
 34.130969 1500.0
 34.148118 1500.0
 34.165267 1500.0
 34.182416 1500.0
 34.199565 1500.0
 34.216714 1500.0
 34.233863 1500.0
 34.251012 1500.0
 34.268162 1500.0
 34.285311 1500.0
 34.30246 1500.0
 34.319609 1500.0
 34.336758 1500.0
 34.353907 1500.0
 34.371056 1500.0
 34.388205 1500.0
 34.405354 1500.0
 34.422503 1500.0
 34.439653 1500.0
 34.456802 1500.0
 34.473951 1500.0
 34.4911 1500.0
 34.508249 1500.0
 34.525398 1500.0
 34.542547 1500.0
 34.559696 1500.0
 34.576845 1500.0
 34.593994 1500.0
 34.611144 1500.0
 34.628293 1500.001334
 34.645442 1500.74843
 34.662591 1503.96324
 34.67974 1517.511037
 34.696889 1564.574188
 34.714038 1698.781774
 34.731187 2010.861996
 34.748336 2596.045947
 34.765485 3462.86163
 34.782635 4433.42822
 34.799784 5157.061533
 34.816933 5301.641604
 34.834082 4793.649342
 34.851231 3876.94759
 34.86838 2928.102663
 34.885529 2213.935585
 34.902678 1796.816355
 34.919827 1602.571645
 34.936976 1529.449269
 34.954126 1507.021726
 34.971275 1501.389795
 34.988424 1500.0
 35.005573 1500.0
 35.022722 1500.01271
 35.039871 1500.064112
 35.05702 1500.268493
 35.074169 1500.933884
 35.091318 1502.699122
 35.108467 1506.485439
 35.125617 1512.962202
 35.142766 1521.562031
 35.159915 1529.869524
 35.177064 1534.478704
 35.194213 1533.182125
 35.211362 1526.638779
 35.228511 1517.847435
 35.24566 1509.982531
 35.262809 1504.662395
 35.279958 1501.818542
 35.297108 1500.592331
 35.314257 1500.161084
 35.331406 1500.036564
 35.348555 1500.006925
 35.365704 1500.0
 35.382853 1500.0
 35.400002 1500.0
 35.417151 1500.0
 35.4343 1500.0
 35.451449 1500.0
 35.468598 1500.0
 35.485748 1500.0
 35.502897 1500.0
 35.520046 1500.0
 35.537195 1503.818628
 35.554344 1518.940593
 35.571493 1577.937911
 35.588642 1766.090326
 35.605791 2253.874405
 35.62294 3272.686922
 35.64009 4960.283738
 35.657239 7108.311427
 35.674388 9049.159903
 35.691537 9941.664155
 35.708686 9344.202902
 35.725835 7558.987774
 35.742984 5391.623745
 35.760133 3579.208277
 35.777282 2424.407676
 35.794431 1842.129909
 35.811581 1605.448669
 35.82873 1527.074859
 35.845879 1505.793019
 35.863028 1501.03318
 35.880177 1500.0
 35.897326 1500.0
 35.914475 1500.0
 35.931624 1500.0
 35.948773 1500.0
 35.965922 1500.0
 35.983072 1500.0
 36.000221 1500.0
 36.01737 1500.0
 36.034519 1500.0
 36.051668 1500.0
 36.068817 1500.0
 36.085966 1500.0
 36.103115 1500.0
 36.120264 1500.0
 36.137413 1500.0
 36.154563 1500.0
 36.171712 1500.0
 36.188861 1500.624885
 36.20601 1503.162621
 36.223159 1513.343563
 36.240308 1546.956234
 36.257457 1637.889226
 36.274606 1838.060227
 36.291755 2192.276298
 36.308904 2684.559045
 36.326054 3194.192669
 36.343203 3525.788503
 36.360352 3525.354201
 36.377501 3193.108417
 36.39465 2683.307612
 36.411799 2191.26665
 36.428948 1837.43772
 36.446097 1637.585627
 36.463246 1546.837105
 36.480395 1513.30559
 36.497545 1503.15273
 36.514694 1501.109807
 36.531843 1502.397437
 36.548992 1509.804308
 36.566141 1533.31569
 36.58329 1594.087742
 36.600439 1720.887948
 36.617588 1931.202522
 36.634737 2200.148503
 36.651886 2445.892497
 36.669036 2563.63561
 36.686185 2495.893066
 36.703334 2276.749713
 36.720483 2004.876942
 36.737632 1773.600673
 36.754781 1623.670343
 36.77193 1546.64582
 36.789079 1514.686766
 36.806228 1503.861462
 36.823377 1500.848021
 36.840527 1500.155587
 36.857676 1500.0
 36.874825 1500.0
 36.891974 1500.0
 36.909123 1500.0
 36.926272 1500.0
 36.943421 1500.0
 36.96057 1500.0
 36.977719 1500.0
 36.994868 1500.0
 37.012018 1500.0
 37.029167 1500.005127
 37.046316 1500.025066
 37.063465 1500.101903
 37.080614 1500.344584
 37.097763 1500.969362
 37.114912 1502.26909
 37.132061 1504.420736
 37.14921 1507.170121
 37.166359 1509.684336
 37.183509 1510.895726
 37.200658 1510.214681
 37.217807 1507.982173
 37.234956 1505.201083
 37.252105 1502.826773
 37.269254 1501.281907
 37.286403 1500.485205
 37.303552 1500.153327
 37.320701 1500.040461
 37.33785 1500.008918
 37.355 1500.29194
 37.372149 1501.433761
 37.389298 1505.899732
 37.406447 1520.289986
 37.423596 1558.139893
 37.440745 1639.168817
 37.457894 1778.656058
 37.475043 1967.584724
 37.492192 2159.254291
 37.509341 2283.883952
 37.526491 2290.114131
 37.54364 2179.742039
 37.560789 2003.369099
 37.577938 1823.816617
 37.595087 1682.415219
 37.612236 1590.38714
 37.629385 1539.36349
 37.646534 1514.978813
 37.663683 1504.935621
 37.680832 1501.39458
 37.697982 1500.305035
 37.715131 1500.063819
 37.73228 1500.011091
 37.749429 1500.0
 37.766578 1500.0
 37.783727 1500.0
 37.800876 1500.0
 37.818025 1500.0
 37.835174 1500.0
 37.852323 1500.0
 37.869473 1500.0
 37.886622 1501.563006
 37.903771 1507.648899
 37.92092 1531.157599
 37.938069 1605.682322
 37.955218 1798.593084
 37.972367 2203.042423
 37.989516 2880.105433
 38.006665 3759.925611
 38.023814 4588.616707
 38.040964 5025.077217
 38.058113 4861.694274
 38.075262 4181.11463
 38.092411 3291.653236
 38.10956 2514.233049
 38.126709 2021.64408
 38.143858 1837.363354
 38.161007 1920.586707
 38.178156 2216.676358
 38.195305 2636.801674
 38.212455 3029.403784
 38.229604 3220.336896
 38.246753 3115.357024
 38.263902 2765.961271
 38.281051 2328.344095
 38.2982 1952.667752
 38.315349 1706.662207
 38.332498 1578.845946
 38.349647 1525.144527
 38.366796 1506.704132
 38.383946 1501.494657
 38.401095 1500.278661
 38.418244 1500.0
 38.435393 1500.0
 38.452542 1500.0
 38.469691 1500.0
 38.48684 1500.0
 38.503989 1500.359363
 38.521138 1501.809152
 38.538287 1508.063124
 38.555437 1529.006535
 38.572586 1587.919017
 38.589735 1724.888911
 38.606884 1986.236924
 38.624033 2389.963425
 38.641182 2880.69761
 38.658331 3317.39038
 38.67548 3530.804371
 38.692629 3426.677229
 38.709778 3051.399294
 38.726928 2559.462202
 38.744077 2112.949182
 38.761226 1800.034929
 38.778375 1624.081354
 38.795524 1543.290886
 38.812673 1512.724191
 38.829822 1503.146573
 38.846971 1500.565286
 38.86412 1500.101475
 38.881269 1500.0
 38.898419 1500.0
 38.915568 1500.0
 38.932717 1500.0
 38.949866 1500.0
 38.967015 1500.0
 38.984164 1500.0
 39.001313 1500.0
 39.018462 1500.0
 39.035611 1500.0
 39.05276 1500.0
 39.06991 1500.0
 39.087059 1500.180628
 39.104208 1500.889183
 39.121357 1503.657996
 39.138506 1512.583196
 39.155655 1536.21508
 39.172804 1587.254885
 39.189953 1676.087885
 39.207102 1797.797991
 39.224251 1922.225314
 39.241401 2002.029136
 39.25855 2000.672696
 39.275699 1918.830781
 39.292848 1793.861218
 39.309997 1672.8888
 39.327146 1585.263474
 39.344295 1535.232157
 39.361444 1512.191926
 39.378593 1503.53117
 39.395742 1500.855509
 39.412892 1500.173275
 39.430041 1500.0
 39.44719 1500.0
 39.464339 1500.0
 39.481488 1500.0
 39.498637 1500.0
 39.515786 1500.0
 39.532935 1500.0
 39.550084 1500.0
 39.567233 1500.0
 39.584383 1500.0
 39.601532 1500.0
 39.618681 1500.0
 39.63583 1500.0
 39.652979 1500.0
 39.670128 1500.0
 39.687277 1500.0
 39.704426 1500.0
 39.721575 1500.0
 39.738724 1500.0
 39.755874 1500.0
 39.773023 1500.0
 39.790172 1500.0
 39.807321 1500.0
 39.82447 1500.0
 39.841619 1500.0
 39.858768 1500.0
 39.875917 1500.0
 39.893066 1500.0
 39.910215 1500.0
 39.927365 1500.0
 39.944514 1500.0
 39.961663 1500.0
 39.978812 1500.0
 39.995961 1500.0
 40.01311 1500.0
 40.030259 1500.0
 40.047408 1500.0
 40.064557 1500.0
 40.081706 1500.0
 40.098856 1500.0
 40.116005 1500.0
 40.133154 1500.0
 40.150303 1500.000014
 40.167452 1500.00007
 40.184601 1500.0003
 40.20175 1500.001082
 40.218899 1500.003278
 40.236048 1500.008328
 40.253197 1500.017757
 40.270347 1500.031754
 40.287496 1500.117492
 40.304645 1500.442482
 40.321794 1501.814467
 40.338943 1508.566484
 40.356092 1530.051556
 40.373241 1591.254224
 40.39039 1740.113016
 40.407539 2048.281164
 40.424688 2585.82558
 40.441838 3359.537492
 40.458987 4241.15688
 40.476136 4959.883138
 40.493285 5220.50304
 40.510434 4893.889756
 40.527583 4118.464258
 40.544732 3206.886939
 40.561881 2448.771331
 40.57903 1982.438994
 40.596179 1810.968947
 40.613329 1885.474213
 40.630478 2150.109351
 40.647627 2524.953078
 40.664776 2883.567856
 40.681925 3088.345956
 40.699074 3069.091399
 40.716223 2863.618841
 40.733372 2576.13338
 40.750521 2296.923406
 40.76767 2063.006748
 40.78482 1875.286267
 40.801969 1729.134544
 40.819118 1624.261751
 40.836267 1558.517891
 40.853416 1523.594881
 40.870565 1508.043862
 40.887714 1502.332159
 40.904863 1500.568738
 40.922012 1500.101319
 40.939161 1500.0
 40.956311 1500.0
 40.97346 1500.0
 40.990609 1500.0
 41.007758 1500.0
 41.024907 1500.0
 41.042056 1500.0
 41.059205 1500.0
 41.076354 1500.0
 41.093503 1500.0
 41.110652 1500.0
 41.127802 1500.0
 41.144951 1500.0
 41.1621 1500.0
 41.179249 1500.0
 41.196398 1500.0
 41.213547 1500.0
 41.230696 1500.0
 41.247845 1500.0
 41.264994 1500.0
 41.282143 1500.0
 41.299293 1500.0
 41.316442 1500.0
 41.333591 1500.0
 41.35074 1500.0
 41.367889 1500.0
 41.385038 1500.0
 41.402187 1500.0
 41.419336 1500.0
 41.436485 1500.0
 41.453634 1500.0
 41.470784 1500.0
 41.487933 1500.0
 41.505082 1500.0
 41.522231 1500.0
 41.53938 1500.0
 41.556529 1500.0
 41.573678 1500.0
 41.590827 1500.0
 41.607976 1500.0
 41.625125 1500.0
 41.642275 1500.00296
 41.659424 1500.013893
 41.676573 1500.054555
 41.693722 1500.179267
 41.710871 1500.493123
 41.72802 1501.135915
 41.745169 1502.191996
 41.762318 1503.54499
 41.779467 1504.806839
 41.796616 1505.467239
 41.813766 1505.218394
 41.830915 1504.181753
 41.848064 1502.814587
 41.865213 1501.591734
 41.882362 1501.213086
 41.899511 1502.542189
 41.91666 1509.34043
 41.933809 1532.075684
 41.950958 1593.514452
 41.968107 1729.549863
 41.985257 1974.131544
 42.002406 2323.949089
 42.019555 2704.511567
 42.036704 2980.8747
 42.053853 3030.636673
 42.071002 2829.51114
 42.088151 2470.009602
 42.1053 2094.168403
 42.122449 1805.402769
 42.139598 1631.658422
 42.156748 1547.580219
 42.173897 1514.408134
 42.191046 1503.654334
 42.208195 1500.775996
 42.225344 1500.0
 42.242493 1500.0
 42.259642 1500.0
 42.276791 1500.0
 42.29394 1500.0
 42.311089 1500.0
 42.328239 1500.0
 42.345388 1500.0
 42.362537 1500.0
 42.379686 1500.0
 42.396835 1500.0
 42.413984 1500.0
 42.431133 1500.0
 42.448282 1500.0
 42.465431 1500.980873
 42.48258 1504.546678
 42.49973 1517.646856
 42.516879 1557.362316
 42.534028 1656.198974
 42.551177 1856.401408
 42.568326 2181.615762
 42.585475 2592.99791
 42.602624 2970.040662
 42.619773 3158.933676
 42.636922 3071.437749
 42.654071 2750.095814
 42.671221 2336.038677
 42.68837 1972.195043
 42.705519 1731.034414
 42.722668 1612.051331
 42.739817 1580.837595
 42.756966 1602.838446
 42.774115 1653.989593
 42.791264 1717.742704
 42.808413 1780.466548
 42.825562 1828.946655
 42.842712 1849.105574
 42.859861 1830.648716
 42.87701 1774.72011
 42.894159 1697.164828
 42.911308 1620.828244
 42.928457 1562.73778
 42.945606 1527.464236
 42.962755 1510.10563
 42.979904 1504.648922
 42.997053 1507.925967
 43.014203 1527.681662
 43.031352 1588.965911
 43.048501 1740.978301
 43.06565 2046.791104
 43.082799 2539.640459
 43.099948 3156.943055
 43.117097 3714.392952
 43.134246 3982.55833
 43.151395 3835.772486
 43.168544 3345.217944
 43.185694 2724.49823
 43.202843 2182.923182
 43.219992 1820.254285
 43.237141 1626.334731
 43.25429 1541.940319
 43.271439 1511.72118
 43.288588 1502.758397
 43.305737 1500.546717
 43.322886 1500.0
 43.340035 1500.0
 43.357185 1500.0
 43.374334 1500.0
 43.391483 1500.0
 43.408632 1500.0
 43.425781 1500.0
 43.44293 1500.0
 43.460079 1500.0
 43.477228 1500.0
 43.494377 1500.0
 43.511526 1500.0
 43.528676 1500.0
 43.545825 1500.003312
 43.562974 1500.016406
 43.580123 1500.068488
 43.597272 1500.240922
 43.614421 1500.714071
 43.63157 1501.842052
 43.648719 1504.021267
 43.665868 1507.688032
 43.683017 1513.293019
 43.700167 1521.651106
 43.717316 1534.226738
 43.734465 1552.242107
 43.751614 1574.461924
 43.768763 1595.553749
 43.785912 1608.099257
 43.803061 1607.839298
 43.82021 1597.21029
 43.837359 1583.029433
 43.854508 1570.561307
 43.871658 1560.329437
 43.888807 1550.178757
 43.905956 1540.265852
 43.923105 1536.363644
 43.940254 1551.489045
 43.957403 1606.108443
 43.974552 1722.563753
 43.991701 1909.01473
 44.00885 2138.568837
 44.025999 2348.022479
 44.043149 2473.425211
 44.060298 2499.485379
 44.077447 2469.784928
 44.094596 2438.47773
 44.111745 2413.273551
 44.128894 2353.614281
 44.146043 2222.983475
 44.163192 2033.016644
 44.180341 1834.921863
 44.19749 1677.624328
 44.21464 1579.137503
 44.231789 1529.98588
 44.248938 1510.865301
 44.266087 1507.712363
 44.283236 1515.275802
 44.300385 1535.513896
 44.317534 1572.823763
 44.334683 1631.378074
 44.351832 1718.011641
 44.368981 1853.905763
 44.386131 2086.186996
 44.40328 2472.903289
 44.420429 3024.435349
 44.437578 3635.846922
 44.454727 4091.057427
 44.471876 4179.309638
 44.489025 3844.944518
 44.506174 3231.487594
 44.523323 2577.008569
 44.540472 2063.860442
 44.557622 1748.32211
 44.574771 1591.972113
 44.59192 1528.634611
 44.609069 1507.492054
 44.626218 1501.646928
 44.643367 1500.0
 44.660516 1500.0
 44.677665 1500.0
 44.694814 1500.0
 44.711963 1500.0
 44.729113 1500.0
 44.746262 1500.0
 44.763411 1500.0
 44.78056 1500.0
 44.797709 1500.0
 44.814858 1500.0
 44.832007 1500.0
 44.849156 1500.37097
 44.866305 1501.818291
 44.883454 1508.489819
 44.900604 1530.604632
 44.917753 1593.721115
 44.934902 1743.96784
 44.952051 2040.147915
 44.9692 2517.569421
 44.986349 3131.583017
 45.003498 3726.893888
 45.020647 4087.089574
 45.037796 4057.683951
 45.054945 3650.99053
 45.072095 3038.011933
 45.089244 2434.410328
 45.106393 1982.023312
 45.123542 1710.974672
 45.140691 1578.289045
 45.15784 1524.613013
 45.174989 1506.551223
 45.192138 1501.299267
 45.209287 1500.253464
 45.226436 1500.0
 45.243586 1500.0
 45.260735 1500.0
 45.277884 1500.0
 45.295033 1500.0
 45.312182 1500.0
 45.329331 1500.0
 45.34648 1500.190494
 45.363629 1500.877033
 45.380778 1503.401667
 45.397927 1511.120642
 45.415077 1530.658526
 45.432226 1571.313169
 45.449375 1640.01759
 45.466524 1732.146529
 45.483673 1825.122603
 45.500822 1884.711323
 45.517971 1884.659366
 45.53512 1824.991592
 45.552269 1731.992272
 45.569418 1639.981617
 45.586568 1571.718213
 45.603717 1532.778711
 45.620866 1519.160606
 45.638015 1529.04139
 45.655164 1569.026062
 45.672313 1653.401953
 45.689462 1792.834921
 45.706611 1979.471093
 45.72376 2179.825041
 45.740909 2346.055371
 45.758059 2437.085445
 45.775208 2432.79438
 45.792357 2335.799316
 45.809506 2169.231018
 45.826655 1972.787712
 45.843804 1790.724763
 45.860953 1653.860276
 45.878102 1569.518797
 45.895251 1526.678566
 45.9124 1508.669369
 45.92955 1502.367237
 45.946699 1500.550842
 45.963848 1500.108153
 45.980997 1500.0
 45.998146 1500.0
 46.015295 1500.0
 46.032444 1500.0
 46.049593 1500.0
 46.066742 1500.0
 46.083891 1500.0
 46.101041 1500.0
 46.11819 1500.0
 46.135339 1500.0
 46.152488 1500.0
 46.169637 1500.0
 46.186786 1500.0
 46.203935 1500.0
 46.221084 1500.0
 46.238233 1500.0
 46.255382 1500.0
 46.272532 1500.0
 46.289681 1500.0
 46.30683 1500.0
 46.323979 1500.0
 46.341128 1500.0
 46.358277 1500.0
 46.375426 1500.0
 46.392575 1500.0
 46.409724 1500.0
 46.426873 1500.0
 46.444023 1500.50975
 46.461172 1502.306111
 46.478321 1508.802597
 46.49547 1528.361882
 46.512619 1577.168496
 46.529768 1677.381914
 46.546917 1844.601067
 46.564066 2066.003499
 46.581215 2286.232443
 46.598364 2423.882973
 46.615514 2418.517479
 46.632663 2272.670782
 46.649812 2049.959143
 46.666961 1831.167753
 46.68411 1668.679834
 46.701259 1572.653904
 46.718408 1526.454011
 46.735557 1508.139476
 46.752706 1502.115414
 46.769855 1500.464197
 46.787005 1500.0
 46.804154 1500.0
 46.821303 1500.0
 46.838452 1500.0
 46.855601 1500.0
 46.87275 1500.0
 46.889899 1500.0
 46.907048 1500.0
 46.924197 1500.0
 46.941346 1500.0
 46.958496 1500.0
 46.975645 1500.0
 46.992794 1500.0
 47.009943 1500.0
 47.027092 1500.0
 47.044241 1500.0
 47.06139 1500.0
 47.078539 1500.277966
 47.095688 1501.238492
 47.112837 1504.650736
 47.129987 1514.725065
 47.147136 1539.95455
 47.164285 1591.371301
 47.181434 1678.699487
 47.198583 1802.087893
 47.215732 1948.776175
 47.232881 2099.087915
 47.25003 2235.368228
 47.267179 2341.222284
 47.284328 2392.966573
 47.301478 2362.890405
 47.318627 2241.413371
 47.335776 2056.867384
 47.352925 1865.916595
 47.370074 1722.051716
 47.387223 1650.72228
 47.404372 1646.123212
 47.421521 1681.458602
 47.43867 1721.902963
 47.455819 1737.586061
 47.472969 1716.024284
 47.490118 1665.650679
 47.507267 1607.016263
 47.524416 1558.211898
 47.541565 1526.66238
 47.558714 1510.283111
 47.575863 1503.339619
 47.593012 1500.913315
 47.610161 1500.210328
 47.62731 1500.0
 47.64446 1500.0
 47.661609 1500.0
 47.678758 1500.0
 47.695907 1500.0
 47.713056 1500.0
 47.730205 1500.0
 47.747354 1500.0
 47.764503 1500.843706
 47.781652 1503.783496
 47.798801 1514.350244
 47.815951 1546.054168
 47.8331 1625.110911
 47.850249 1787.804659
 47.867398 2060.811823
 47.884547 2425.908231
 47.901696 2795.489592
 47.918845 3036.256277
 47.935994 3044.073841
 47.953143 2815.284669
 47.970292 2449.411673
 47.987442 2080.597003
 48.004591 1800.714192
 48.02174 1631.868939
 48.038889 1548.941177
 48.056038 1515.366432
 48.073187 1504.079973
 48.090336 1500.915686
 48.107485 1500.0
 48.124634 1500.0
 48.141783 1500.0
 48.158933 1500.0
 48.176082 1500.0
 48.193231 1500.0
 48.21038 1500.0
 48.227529 1500.0
 48.244678 1500.0
 48.261827 1500.0
 48.278976 1500.0
 48.296125 1500.0
 48.313274 1500.0
 48.330424 1500.0
 48.347573 1500.0
 48.364722 1500.0
 48.381871 1500.374434
 48.39902 1501.795236
 48.416169 1507.298638
 48.433318 1525.151935
 48.450467 1573.437375
 48.467616 1681.579644
 48.484765 1880.013762
 48.501915 2172.804979
 48.519064 2507.202223
 48.536213 2774.298333
 48.553362 2861.93055
 48.570511 2729.097112
 48.58766 2436.266375
 48.604809 2102.159913
 48.621958 1827.876059
 48.639107 1655.009706
 48.656256 1575.50663
 48.673406 1565.705942
 48.690555 1609.000492
 48.707704 1695.330617
 48.724853 1807.025953
 48.742002 1910.95349
 48.759151 1965.71879
 48.7763 1946.993089
 48.793449 1863.454709
 48.810598 1750.431477
 48.827747 1646.25795
 48.844897 1572.414756
 48.862046 1530.400137
 48.879195 1510.821928
 48.896344 1503.266843
 48.913493 1500.836244
 48.930642 1500.181502
 48.947791 1500.0
 48.96494 1500.0
 48.982089 1500.0
 48.999238 1500.0
 49.016388 1500.0
 49.033537 1501.414935
 49.050686 1506.197443
 49.067835 1522.800679
 49.084984 1570.999788
 49.102133 1687.212994
 49.119282 1918.211004
 49.136431 2291.88108
 49.15358 2771.643441
 49.170729 3232.829163
 49.187879 3504.840632
 49.205028 3470.54719
 49.222177 3146.34875
 49.239326 2669.827058
 49.256475 2207.31166
 49.273624 1864.081101
 49.290773 1659.615187
 49.307922 1559.622416
 49.325071 1518.982501
 49.34222 1505.152675
 49.35937 1501.192755
 49.376519 1500.05996
 49.393668 1500.0
 49.410817 1500.0
 49.427966 1500.0
 49.445115 1500.0
 49.462264 1500.0
 49.479413 1500.0
 49.496562 1500.0
 49.513711 1500.0
 49.530861 1500.090056
 49.54801 1500.384144
 49.565159 1501.383029
 49.582308 1504.203123
 49.599457 1510.783835
 49.616606 1523.361466
 49.633755 1542.739363
 49.650904 1566.045565
 49.668053 1586.227488
 49.685202 1595.136307
 49.702352 1588.730191
 49.719501 1569.978015
 49.73665 1546.684422
 49.753799 1526.355514
 49.770948 1512.59626
 49.788097 1505.09887
 49.805246 1501.748906
 49.822395 1500.508534
 49.839544 1500.125409
 49.856693 1500.026241
 49.873843 1500.0
 49.890992 1500.0
 49.908141 1500.0
 49.92529 1500.0
 49.942439 1500.0
 49.959588 1500.0
 49.976737 1500.0
 49.993886 1500.0
 50.011035 1500.0
 50.028184 1500.0
 50.045334 1500.0
 50.062483 1500.0
 50.079632 1500.0
 50.096781 1500.0
 50.11393 1500.0
 50.131079 1500.0
 50.148228 1500.0
 50.165377 1500.0
 50.182526 1500.0
 50.199675 1500.0
 50.216825 1500.0
 50.233974 1500.0
 50.251123 1500.0
 50.268272 1500.0
 50.285421 1500.0
 50.30257 1500.0
 50.319719 1500.0
 50.336868 1500.0
 50.354017 1500.0
 50.371166 1500.0
 50.388316 1500.0
 50.405465 1500.029029
 50.422614 1500.123687
 50.439763 1500.446501
 50.456912 1501.366022
 50.474061 1503.656292
 50.49121 1508.276069
 50.508359 1516.286353
 50.525508 1528.367069
 50.542657 1544.809079
 50.559807 1565.869469
 50.576956 1591.381055
 50.594105 1619.153477
 50.611254 1643.361567
 50.628403 1656.197084
 50.645552 1652.970279
 50.662701 1636.050539
 50.67985 1613.05889
 50.696999 1590.905613
 50.714148 1571.833095
 50.731298 1554.677056
 50.748447 1538.477487
 50.765596 1524.113811
 50.782745 1513.126917
 50.799894 1506.12331
 50.817043 1502.417153
 50.834192 1500.81608
 50.851341 1500.232926
 50.86849 1500.056198
 50.885639 1500.01146
 50.902789 1500.0
 50.919938 1500.0
 50.937087 1500.0
 50.954236 1500.0
 50.971385 1500.0
 50.988534 1500.0
 51.005683 1500.0
 51.022832 1500.0
 51.039981 1500.0
 51.05713 1500.01709
 51.07428 1500.071191
 51.091429 1500.251113
 51.108578 1500.750049
 51.125727 1501.897257
 51.142876 1504.06458
 51.160025 1507.375626
 51.177174 1511.337567
 51.194323 1514.764714
 51.211472 1516.291584
 51.228621 1515.232998
 51.245771 1512.070994
 51.26292 1508.107523
 51.280069 1504.715901
 51.297218 1502.64471
 51.314367 1502.38433
 51.331516 1504.726092
 51.348665 1511.283924
 51.365814 1524.094198
 51.382963 1543.8974
 51.400112 1567.865683
 51.417262 1588.998158
 51.434411 1599.014304
 51.45156 1593.481051
 51.468709 1574.91802
 51.485858 1550.982171
 51.503007 1529.468189
 51.520156 1514.471844
 51.537305 1506.040278
 51.554454 1502.143242
 51.571603 1500.646655
 51.588753 1500.16594
 51.605902 1500.036222
 51.623051 1500.0
 51.6402 1500.0
 51.657349 1500.0
 51.674498 1500.0
 51.691647 1500.0
 51.708796 1500.0
 51.725945 1500.0
 51.743094 1500.0
 51.760244 1500.0
 51.777393 1500.0
 51.794542 1500.0
 51.811691 1500.0
 51.82884 1500.0
 51.845989 1500.0
 51.863138 1500.0
 51.880287 1500.0
 51.897436 1500.0
 51.914585 1500.0
 51.931735 1500.0
 51.948884 1500.0
 51.966033 1500.0
 51.983182 1500.0
 52.000331 1500.0
 52.01748 1500.0
 52.034629 1500.0
 52.051778 1500.0
 52.068927 1500.0
 52.086076 1500.0
 52.103226 1500.0
 52.120375 1500.0
 52.137524 1500.0
 52.154673 1500.0
 52.171822 1500.0
 52.188971 1500.0
 52.20612 1500.0
 52.223269 1500.0
 52.240418 1500.0
 52.257567 1500.0
 52.274717 1500.0
 52.291866 1500.0
 52.309015 1500.0
 52.326164 1500.0
 52.343313 1500.0
 52.360462 1500.957303
 52.377611 1503.911964
 52.39476 1513.548823
 52.411909 1539.770093
 52.429058 1598.933466
 52.446208 1708.56439
 52.463357 1872.580819
 52.480506 2063.962623
 52.497655 2223.247499
 52.514804 2285.484648
 52.531953 2222.639376
 52.549102 2063.298719
 52.566251 1872.26387
 52.5834 1709.174376
 52.600549 1601.534968
 52.617699 1546.257955
 52.634848 1526.584753
 52.651997 1526.007204
 52.669146 1532.80812
 52.686295 1539.097971
 52.703444 1540.86483
 52.720593 1536.356827
 52.737742 1527.52329
 52.754891 1517.722809
 52.77204 1509.703488
 52.78919 1504.51585
 52.806339 1502.043674
 52.823488 1502.439724
 52.840637 1507.242455
 52.857786 1523.083663
 52.874935 1564.427995
 52.892084 1654.67904
 52.909233 1819.023634
 52.926382 2065.4825
 52.943531 2361.649163
 52.960681 2628.776209
 52.97783 2771.300668
 52.994979 2731.664669
 53.012128 2527.565537
 53.029277 2244.007224
 53.046426 1984.436599
 53.063575 1824.53149
 53.080724 1794.435631
 53.097873 1882.594377
 53.115022 2042.635917
 53.132172 2202.215416
 53.149321 2286.23176
 53.16647 2252.428071
 53.183619 2114.207808
 53.200768 1927.375361
 53.217917 1753.519292
 53.235066 1628.23603
 53.252215 1555.319817
 53.269364 1520.886787
 53.286513 1508.736897
 53.303663 1510.561894
 53.320812 1528.86331
 53.337961 1578.140637
 53.35511 1682.922777
 53.372259 1865.17159
 53.389408 2121.510012
 53.406557 2401.769745
 53.423706 2615.154327
 53.440855 2676.033579
 53.458004 2560.154655
 53.475154 2323.594204
 53.492303 2065.495581
 53.509452 1867.175692
 53.526601 1755.638958
 53.54375 1709.337747
 53.560899 1688.613926
 53.578048 1663.933144
 53.595197 1626.919796
 53.612346 1584.555144
 53.629495 1548.385338
 53.646645 1523.631527
 53.663794 1510.107527
 53.680943 1505.800987
 53.698092 1509.23848
 53.715241 1525.010291
 53.73239 1564.91439
 53.749539 1647.460969
 53.766688 1790.060294
 53.783837 1992.190329
 53.800986 2218.498791
 53.818136 2400.192115
 53.835285 2466.083843
 53.852434 2386.761947
 53.869583 2195.385325
 53.886732 1965.512282
 53.903881 1765.892553
 53.92103 1629.547778
 53.938179 1553.834134
 53.955328 1519.081049
