res data
0.2546276096448713
0.2549192505108937
0.255753819196907
0.2561613910312989
0.25898781590262737
0.22498485531154777
0.2572883958206012
0.25031104312074104
0.2539215035151268
0.25926248307028177
0.16273624430188524
0.2595032791897859
0.23863609318133822
0.185871399194991
0.2605187678676437
0.2616088765261648
0.2636517479311827
0.2719580081260597
0.12596417018528186
0.050368538716912006
0.2722809326632931
0.28482866094759174
0.2640508903081734
0.2655201478311005
0.2995877248814064
0.07899951994962255
0.21849733680180464
0.3526243627149279
0.22025855302456177
0.23703581065638607
0.37006822701728087
0.25369892267799504
0.21479575112312024
0.2852971441237668
0.14616311846785804
0.30191033629607045
0.254032601387492
0.295123330063723
0.26796765010445117
0.2877205085624603
0.26700604871536204
0.2816526954918502
0.2808642561030917
0.13123784806392563
0.30046868698600265
0.2901249671598234
0.20373301055286538
0.30415920285692544
0.15228733789349572
0.15902137095923108
peak data
 10.225123 3130.340063
 13.740689 2509.834098
 16.364501 1501.916079
 17.942218 2305.135261
 20.034409 4373.195567
 20.548882 2770.86616
 21.457784 10064.041802
 22.075151 8993.005597
 23.138396 2628.187694
 23.82436 4037.108214
 24.253087 2128.537121
 25.642164 6645.023324
 26.173786 5093.041109
 26.911198 1965.599357
 27.682907 3071.493876
 28.849046 2403.51358
 30.032334 3924.662931
 31.044131 8306.749306
 31.472858 2557.225387
 32.793339 1963.866099
 33.084874 2680.531868
 33.753689 4565.095885
 34.816933 2866.177776
 35.691537 4488.733669
 36.360352 2248.595693
 36.651886 1894.107533
 37.526491 1801.328354
 38.075262 2954.033096
 38.67548 2252.991489
 39.241401 1683.167391
Org data
 5.011797 1500.0
 5.028946 1500.0
 5.046095 1500.0
 5.063244 1500.0
 5.080393 1500.0
 5.097542 1500.0
 5.114692 1500.0
 5.131841 1500.0
 5.14899 1500.0
 5.166139 1500.0
 5.183288 1500.0
 5.200437 1500.0
 5.217586 1500.0
 5.234735 1500.0
 5.251884 1500.0
 5.269033 1500.0
 5.286182 1500.0
 5.303332 1500.0
 5.320481 1500.0
 5.33763 1500.0
 5.354779 1500.0
 5.371928 1500.0
 5.389077 1500.0
 5.406226 1500.0
 5.423375 1500.0
 5.440524 1500.0
 5.457674 1500.0
 5.474823 1500.0
 5.491972 1500.0
 5.509121 1500.0
 5.52627 1500.0
 5.543419 1500.0
 5.560568 1500.0
 5.577717 1500.0
 5.594866 1500.0
 5.612015 1500.0
 5.629164 1500.0
 5.646314 1500.0
 5.663463 1500.0
 5.680612 1500.0
 5.697761 1500.0
 5.71491 1500.0
 5.732059 1500.0
 5.749208 1500.0
 5.766357 1500.0
 5.783506 1500.0
 5.800656 1500.0
 5.817805 1500.0
 5.834954 1500.0
 5.852103 1500.0
 5.869252 1500.0
 5.886401 1500.0
 5.90355 1500.0
 5.920699 1500.0
 5.937848 1500.0
 5.954997 1500.0
 5.972147 1500.0
 5.989296 1500.0
 6.006445 1500.0
 6.023594 1500.0
 6.040743 1500.0
 6.057892 1500.0
 6.075041 1500.0
 6.09219 1500.0
 6.109339 1500.0
 6.126488 1500.0
 6.143638 1500.0
 6.160787 1500.0
 6.177936 1500.0
 6.195085 1500.0
 6.212234 1500.0
 6.229383 1500.0
 6.246532 1500.0
 6.263681 1500.0
 6.28083 1500.0
 6.297979 1500.0
 6.315129 1500.0
 6.332278 1500.0
 6.349427 1500.0
 6.366576 1500.0
 6.383725 1500.0
 6.400874 1500.0
 6.418023 1500.0
 6.435172 1500.0
 6.452321 1500.0
 6.46947 1500.0
 6.486619 1500.0
 6.503769 1500.0
 6.520918 1500.0
 6.538067 1500.0
 6.555216 1500.0
 6.572365 1500.0
 6.589514 1500.0
 6.606663 1500.0
 6.623812 1500.0
 6.640961 1500.0
 6.658111 1500.0
 6.67526 1500.0
 6.692409 1500.0
 6.709558 1500.0
 6.726707 1500.0
 6.743856 1500.0
 6.761005 1500.0
 6.778154 1500.0
 6.795303 1500.0
 6.812452 1500.0
 6.829601 1500.0
 6.846751 1500.0
 6.8639 1500.0
 6.881049 1500.0
 6.898198 1500.0
 6.915347 1500.0
 6.932496 1500.0
 6.949645 1500.0
 6.966794 1500.0
 6.983943 1500.0
 7.001093 1500.0
 7.018242 1500.0
 7.035391 1500.0
 7.05254 1500.0
 7.069689 1500.0
 7.086838 1500.0
 7.103987 1500.0
 7.121136 1500.0
 7.138285 1500.0
 7.155434 1500.0
 7.172584 1500.0
 7.189733 1500.0
 7.206882 1500.0
 7.224031 1500.0
 7.24118 1500.0
 7.258329 1500.0
 7.275478 1500.0
 7.292627 1500.0
 7.309776 1500.0
 7.326925 1500.0
 7.344074 1500.0
 7.361224 1500.0
 7.378373 1500.0
 7.395522 1500.0
 7.412671 1500.0
 7.42982 1500.0
 7.446969 1500.0
 7.464118 1500.0
 7.481267 1500.0
 7.498416 1500.0
 7.515566 1500.0
 7.532715 1500.0
 7.549864 1500.0
 7.567013 1500.0
 7.584162 1500.0
 7.601311 1500.0
 7.61846 1500.0
 7.635609 1500.0
 7.652758 1500.0
 7.669907 1500.0
 7.687057 1500.0
 7.704206 1500.0
 7.721355 1500.0
 7.738504 1500.0
 7.755653 1500.0
 7.772802 1500.0
 7.789951 1500.0
 7.8071 1500.0
 7.824249 1500.0
 7.841398 1500.0
 7.858548 1500.0
 7.875697 1500.0
 7.892846 1500.0
 7.909995 1500.0
 7.927144 1500.0
 7.944293 1500.0
 7.961442 1500.0
 7.978591 1500.0
 7.99574 1500.0
 8.012889 1500.0
 8.030038 1500.0
 8.047188 1500.0
 8.064337 1500.0
 8.081486 1500.0
 8.098635 1500.0
 8.115784 1500.0
 8.132933 1500.0
 8.150082 1500.0
 8.167231 1500.0
 8.18438 1500.0
 8.201529 1500.0
 8.218679 1500.0
 8.235828 1500.0
 8.252977 1500.0
 8.270126 1500.0
 8.287275 1500.0
 8.304424 1500.0
 8.321573 1500.0
 8.338722 1500.0
 8.355871 1500.0
 8.37302 1500.0
 8.39017 1500.0
 8.407319 1500.0
 8.424468 1500.0
 8.441617 1500.0
 8.458766 1500.0
 8.475915 1500.0
 8.493064 1500.0
 8.510213 1500.0
 8.527362 1500.0
 8.544512 1500.0
 8.561661 1500.0
 8.57881 1500.0
 8.595959 1500.0
 8.613108 1500.0
 8.630257 1500.0
 8.647406 1500.0
 8.664555 1500.0
 8.681704 1500.0
 8.698853 1500.0
 8.716003 1500.0
 8.733152 1500.0
 8.750301 1500.0
 8.76745 1500.0
 8.784599 1500.0
 8.801748 1500.0
 8.818897 1500.0
 8.836046 1500.0
 8.853195 1500.0
 8.870344 1500.0
 8.887493 1500.0
 8.904643 1500.0
 8.921792 1500.0
 8.938941 1500.0
 8.95609 1500.0
 8.973239 1500.0
 8.990388 1500.0
 9.007537 1500.0
 9.024686 1500.0
 9.041835 1500.0
 9.058985 1500.0
 9.076134 1500.0
 9.093283 1500.0
 9.110432 1500.0
 9.127581 1500.0
 9.14473 1500.0
 9.161879 1500.0
 9.179028 1500.0
 9.196177 1500.0
 9.213326 1500.0
 9.230476 1500.0
 9.247625 1500.0
 9.264774 1500.0
 9.281923 1500.0
 9.299072 1500.0
 9.316221 1500.0
 9.33337 1500.0
 9.350519 1500.0
 9.367668 1500.0
 9.384817 1500.0
 9.401967 1500.0
 9.419116 1500.0
 9.436265 1500.0
 9.453414 1500.0
 9.470563 1500.0
 9.487712 1500.0
 9.504861 1500.0
 9.52201 1500.0
 9.539159 1500.0
 9.556308 1500.0
 9.573458 1500.0
 9.590607 1500.0
 9.607756 1500.0
 9.624905 1500.0
 9.642054 1500.0
 9.659203 1500.0
 9.676352 1500.0
 9.693501 1500.0
 9.71065 1500.0
 9.727799 1500.0
 9.744948 1500.0
 9.762098 1500.0
 9.779247 1500.0
 9.796396 1500.0
 9.813545 1500.0
 9.830694 1501.530107
 9.847843 1502.735914
 9.864992 1504.769853
 9.882141 1508.108299
 9.89929 1513.439309
 9.916439 1521.719343
 9.933589 1534.224656
 9.950738 1552.584085
 9.967887 1578.775737
 9.985036 1615.067764
 10.002185 1663.884557
 10.019334 1727.586053
 10.036483 1808.160239
 10.053632 1906.846892
 10.070781 2023.731776
 10.087931 2157.370844
 10.10508 2304.517701
 10.122229 2460.029298
 10.139378 2617.010213
 10.156527 2767.224645
 10.173676 2901.760828
 10.190825 3011.882745
 10.207974 3089.960026
 10.225123 3130.340063
 10.242272 3130.024459
 10.259422 3089.036836
 10.276571 3010.419928
 10.29372 2899.862403
 10.310869 2765.018477
 10.328018 2614.633841
 10.345167 2457.615972
 10.362316 2302.184567
 10.379465 2155.210621
 10.396614 2021.808554
 10.413763 1905.195895
 10.430913 1806.790837
 10.448062 1726.486934
 10.465211 1663.029894
 10.48236 1614.423327
 10.499509 1578.304195
 10.516658 1552.249063
 10.533807 1533.993421
 10.550956 1521.564233
 10.568105 1513.338156
 10.585254 1508.044149
 10.602404 1504.730279
 10.619553 1502.712162
 10.636702 1501.516235
 10.653851 1500.0
 10.671 1500.0
 10.688149 1500.0
 10.705298 1500.0
 10.722447 1500.0
 10.739596 1500.0
 10.756745 1500.0
 10.773895 1500.0
 10.791044 1500.0
 10.808193 1500.0
 10.825342 1500.0
 10.842491 1500.0
 10.85964 1500.0
 10.876789 1500.0
 10.893938 1500.0
 10.911087 1500.0
 10.928236 1500.0
 10.945386 1500.0
 10.962535 1500.0
 10.979684 1500.0
 10.996833 1500.0
 11.013982 1500.0
 11.031131 1500.0
 11.04828 1500.0
 11.065429 1500.0
 11.082578 1500.0
 11.099727 1500.0
 11.116877 1500.0
 11.134026 1500.0
 11.151175 1500.0
 11.168324 1500.0
 11.185473 1500.0
 11.202622 1500.0
 11.219771 1500.0
 11.23692 1500.0
 11.254069 1500.0
 11.271218 1500.0
 11.288368 1500.0
 11.305517 1500.0
 11.322666 1500.0
 11.339815 1500.0
 11.356964 1500.0
 11.374113 1500.0
 11.391262 1500.0
 11.408411 1500.0
 11.42556 1500.0
 11.442709 1500.0
 11.459858 1500.0
 11.477008 1500.0
 11.494157 1500.0
 11.511306 1500.0
 11.528455 1500.0
 11.545604 1500.0
 11.562753 1500.0
 11.579902 1500.0
 11.597051 1500.0
 11.6142 1500.0
 11.63135 1500.0
 11.648499 1500.0
 11.665648 1500.0
 11.682797 1500.0
 11.699946 1500.0
 11.717095 1500.0
 11.734244 1500.0
 11.751393 1500.0
 11.768542 1500.0
 11.785691 1500.0
 11.802841 1500.0
 11.81999 1500.0
 11.837139 1500.0
 11.854288 1500.0
 11.871437 1500.0
 11.888586 1500.0
 11.905735 1500.0
 11.922884 1500.0
 11.940033 1500.0
 11.957182 1500.0
 11.974332 1500.0
 11.991481 1500.0
 12.00863 1500.0
 12.025779 1500.0
 12.042928 1500.0
 12.060077 1500.0
 12.077226 1500.0
 12.094375 1500.0
 12.111524 1500.0
 12.128673 1500.0
 12.145823 1500.0
 12.162972 1500.0
 12.180121 1500.0
 12.19727 1500.0
 12.214419 1500.0
 12.231568 1500.0
 12.248717 1500.0
 12.265866 1500.0
 12.283015 1500.0
 12.300164 1500.0
 12.317314 1500.0
 12.334463 1500.0
 12.351612 1500.0
 12.368761 1500.0
 12.38591 1500.0
 12.403059 1500.0
 12.420208 1500.0
 12.437357 1500.0
 12.454506 1500.0
 12.471655 1500.0
 12.488805 1500.0
 12.505954 1500.0
 12.523103 1500.0
 12.540252 1500.0
 12.557401 1500.0
 12.57455 1500.0
 12.591699 1500.0
 12.608848 1500.0
 12.625997 1500.0
 12.643146 1500.0
 12.660296 1500.0
 12.677445 1500.0
 12.694594 1500.0
 12.711743 1500.0
 12.728892 1500.0
 12.746041 1500.0
 12.76319 1500.0
 12.780339 1500.0
 12.797488 1500.0
 12.814637 1500.0
 12.831787 1500.0
 12.848936 1500.0
 12.866085 1500.0
 12.883234 1500.0
 12.900383 1500.0
 12.917532 1500.0
 12.934681 1500.0
 12.95183 1500.0
 12.968979 1500.0
 12.986128 1500.0
 13.003277 1500.0
 13.020427 1500.0
 13.037576 1500.0
 13.054725 1500.0
 13.071874 1500.0
 13.089023 1500.0
 13.106172 1500.0
 13.123321 1500.0
 13.14047 1500.0
 13.157619 1500.0
 13.174768 1500.0
 13.191918 1500.0
 13.209067 1500.0
 13.226216 1500.0
 13.243365 1500.0
 13.260514 1500.0
 13.277663 1500.0
 13.294812 1500.0
 13.311961 1500.451393
 13.32911 1500.83122
 13.346259 1501.492595
 13.363409 1502.613564
 13.380558 1504.462621
 13.397707 1507.430419
 13.414856 1512.064343
 13.432005 1519.101247
 13.449154 1529.490902
 13.466303 1544.400025
 13.483452 1565.185009
 13.500601 1593.321589
 13.517751 1630.28275
 13.5349 1677.362818
 13.552049 1735.455895
 13.569198 1804.809385
 13.586347 1884.786031
 13.603496 1973.677649
 13.620645 2068.616561
 13.637794 2165.624806
 13.654943 2259.824424
 13.672092 2345.806665
 13.689242 2418.128349
 13.706391 2471.875082
 13.72354 2503.211643
 13.740689 2509.834098
 13.757838 2491.249885
 13.774987 2448.838198
 13.792136 2385.681007
 13.809285 2306.192767
 13.826434 2215.611142
 13.843583 2119.429856
 13.860733 2022.858566
 13.877882 1930.381467
 13.895031 1845.462047
 13.91218 1770.411242
 13.929329 1706.408181
 13.946478 1653.640958
 13.963627 1611.523187
 13.980776 1578.940807
 13.997925 1554.489936
 14.015074 1536.678324
 14.032224 1524.075829
 14.049373 1515.41103
 14.066522 1509.619685
 14.083671 1505.855567
 14.10082 1503.475809
 14.117969 1502.011972
 14.135118 1501.135709
 14.152267 1500.62516
 14.169416 1500.0
 14.186565 1500.0
 14.203715 1500.0
 14.220864 1500.0
 14.238013 1500.0
 14.255162 1500.0
 14.272311 1500.0
 14.28946 1500.0
 14.306609 1500.0
 14.323758 1500.0
 14.340907 1500.0
 14.358056 1500.0
 14.375206 1500.0
 14.392355 1500.0
 14.409504 1500.0
 14.426653 1500.0
 14.443802 1500.0
 14.460951 1500.0
 14.4781 1500.0
 14.495249 1500.0
 14.512398 1500.0
 14.529547 1500.0
 14.546696 1500.0
 14.563846 1500.0
 14.580995 1500.0
 14.598144 1500.0
 14.615293 1500.0
 14.632442 1500.0
 14.649591 1500.0
 14.66674 1500.0
 14.683889 1500.0
 14.701038 1500.0
 14.718187 1500.0
 14.735337 1500.0
 14.752486 1500.0
 14.769635 1500.0
 14.786784 1500.0
 14.803933 1500.0
 14.821082 1500.0
 14.838231 1500.0
 14.85538 1500.0
 14.872529 1500.0
 14.889678 1500.0
 14.906828 1500.0
 14.923977 1500.0
 14.941126 1500.0
 14.958275 1500.0
 14.975424 1500.0
 14.992573 1500.0
 15.009722 1500.0
 15.026871 1500.0
 15.04402 1500.0
 15.06117 1500.0
 15.078319 1500.0
 15.095468 1500.0
 15.112617 1500.0
 15.129766 1500.0
 15.146915 1500.0
 15.164064 1500.0
 15.181213 1500.0
 15.198362 1500.0
 15.215511 1500.0
 15.232661 1500.0
 15.24981 1500.0
 15.266959 1500.0
 15.284108 1500.0
 15.301257 1500.0
 15.318406 1500.0
 15.335555 1500.0
 15.352704 1500.0
 15.369853 1500.0
 15.387002 1500.0
 15.404152 1500.0
 15.421301 1500.0
 15.43845 1500.0
 15.455599 1500.0
 15.472748 1500.0
 15.489897 1500.0
 15.507046 1500.0
 15.524195 1500.0
 15.541344 1500.0
 15.558493 1500.0
 15.575643 1500.0
 15.592792 1500.0
 15.609941 1500.0
 15.62709 1500.0
 15.644239 1500.0
 15.661388 1500.0
 15.678537 1500.0
 15.695686 1500.0
 15.712835 1500.0
 15.729984 1500.0
 15.747134 1500.0
 15.764283 1500.0
 15.781432 1500.0
 15.798581 1500.0
 15.81573 1500.0
 15.832879 1500.0
 15.850028 1500.0
 15.867177 1500.0
 15.884326 1500.0
 15.901475 1500.0
 15.918625 1500.0
 15.935774 1500.0
 15.952923 1500.001225
 15.970072 1500.002218
 15.987221 1500.003917
 16.00437 1500.006748
 16.021519 1500.011337
 16.038668 1500.018578
 16.055817 1500.029692
 16.072966 1500.046284
 16.090116 1500.070368
 16.107265 1500.104343
 16.124414 1500.150903
 16.141563 1500.212854
 16.158712 1500.292827
 16.175861 1500.392905
 16.19301 1500.514176
 16.210159 1500.656271
 16.227308 1500.81696
 16.244457 1500.991894
 16.261606 1501.174564
 16.278756 1501.356545
 16.295905 1501.528052
 16.313054 1501.678759
 16.330203 1501.798806
 16.347352 1501.879863
 16.364501 1501.916079
 16.38165 1501.904786
 16.398799 1501.846818
 16.415948 1501.746413
 16.433097 1501.6107
 16.450247 1501.44886
 16.467396 1501.271109
 16.484545 1501.087634
 16.501694 1500.907667
 16.518843 1500.738778
 16.535992 1500.586467
 16.553141 1500.454064
 16.57029 1500.342872
 16.587439 1500.252516
 16.604589 1500.181379
 16.621738 1500.127066
 16.638887 1500.086818
 16.656036 1500.057854
 16.673185 1500.0376
 16.690334 1500.023834
 16.707483 1500.014734
 16.724632 1500.008884
 16.741781 1500.005224
 16.75893 1500.002996
 16.77608 1500.001676
 16.793229 1500.000914
 16.810378 1500.0
 16.827527 1500.0
 16.844676 1500.0
 16.861825 1500.0
 16.878974 1500.0
 16.896123 1500.0
 16.913272 1500.0
 16.930421 1500.0
 16.947571 1500.0
 16.96472 1500.0
 16.981869 1500.0
 16.999018 1500.0
 17.016167 1500.0
 17.033316 1500.0
 17.050465 1500.0
 17.067614 1500.0
 17.084763 1500.0
 17.101912 1500.0
 17.119062 1500.0
 17.136211 1500.0
 17.15336 1500.0
 17.170509 1500.0
 17.187658 1500.0
 17.204807 1500.0
 17.221956 1500.0
 17.239105 1500.0
 17.256254 1500.0
 17.273403 1500.0
 17.290553 1500.0
 17.307702 1500.0
 17.324851 1500.0
 17.342 1500.0
 17.359149 1500.0
 17.376298 1500.0
 17.393447 1500.0
 17.410596 1500.0
 17.427745 1500.0
 17.444894 1500.0
 17.462044 1500.0
 17.479193 1500.0
 17.496342 1500.0
 17.513491 1500.0
 17.53064 1500.545506
 17.547789 1500.984452
 17.564938 1501.732919
 17.582087 1502.975429
 17.599236 1504.983207
 17.616385 1508.140592
 17.633535 1512.971511
 17.650684 1520.161024
 17.667833 1530.56482
 17.684982 1545.197893
 17.702131 1565.193074
 17.71928 1591.721565
 17.736429 1625.871665
 17.753578 1668.488716
 17.770727 1719.988398
 17.787876 1780.165471
 17.805025 1848.028713
 17.822175 1921.697399
 17.839324 1998.392947
 17.856473 2074.549844
 17.873622 2146.052892
 17.890771 2208.586223
 17.90792 2258.055952
 17.925069 2291.030851
 17.942218 2305.135261
 17.959367 2299.331969
 17.976516 2274.048286
 17.993666 2231.124038
 18.010815 2173.590252
 18.027964 2105.315577
 18.045113 2030.577422
 18.062262 1953.624086
 18.079411 1878.288717
 18.09656 1807.701853
 18.113709 1744.126971
 18.130858 1688.920814
 18.148008 1642.600716
 18.165157 1604.988292
 18.182306 1575.393986
 18.199455 1552.809078
 18.216604 1536.079115
 18.233753 1524.042405
 18.250902 1515.626941
 18.268051 1509.907028
 18.2852 1506.126118
 18.302349 1503.69487
 18.319499 1502.173621
 18.336648 1501.247208
 18.353797 1500.698012
 18.370946 1500.381027
 18.388095 1500.0
 18.405244 1500.0
 18.422393 1500.0
 18.439542 1500.0
 18.456691 1500.0
 18.47384 1500.0
 18.49099 1500.0
 18.508139 1500.0
 18.525288 1500.0
 18.542437 1500.0
 18.559586 1500.0
 18.576735 1500.0
 18.593884 1500.0
 18.611033 1500.0
 18.628182 1500.0
 18.645331 1500.0
 18.662481 1500.0
 18.67963 1500.0
 18.696779 1500.0
 18.713928 1500.0
 18.731077 1500.0
 18.748226 1500.0
 18.765375 1500.0
 18.782524 1500.0
 18.799673 1500.0
 18.816822 1500.0
 18.833972 1500.0
 18.851121 1500.0
 18.86827 1500.0
 18.885419 1500.0
 18.902568 1500.0
 18.919717 1500.0
 18.936866 1500.0
 18.954015 1500.0
 18.971164 1500.0
 18.988313 1500.0
 19.005463 1500.0
 19.022612 1500.0
 19.039761 1500.0
 19.05691 1500.0
 19.074059 1500.0
 19.091208 1500.0
 19.108357 1500.0
 19.125506 1500.0
 19.142655 1500.0
 19.159804 1500.0
 19.176954 1500.0
 19.194103 1500.0
 19.211252 1500.0
 19.228401 1500.0
 19.24555 1500.0
 19.262699 1500.0
 19.279848 1500.0
 19.296997 1500.0
 19.314146 1500.0
 19.331295 1500.0
 19.348444 1500.0
 19.365594 1500.0
 19.382743 1500.0
 19.399892 1500.0
 19.417041 1500.0
 19.43419 1500.0
 19.451339 1500.0
 19.468488 1500.0
 19.485637 1500.0
 19.502786 1500.0
 19.519935 1500.0
 19.537085 1500.0
 19.554234 1500.0
 19.571383 1500.0
 19.588532 1500.0
 19.605681 1501.297021
 19.62283 1502.957362
 19.639979 1505.219505
 19.657128 1508.988896
 19.674277 1515.105598
 19.691427 1524.770028
 19.708576 1539.634605
 19.725725 1561.884862
 19.742874 1594.288483
 19.760023 1640.184381
 19.777172 1703.380728
 19.794321 1787.933099
 19.81147 1897.784117
 19.828619 2036.265345
 19.845768 2205.490018
 19.862918 2405.697571
 19.880067 2634.642539
 19.897216 2887.141413
 19.914365 3154.895231
 19.931514 3426.684392
 19.948663 3688.98678
 19.965812 3927.00288
 19.982961 4125.996289
 20.00011 4272.787444
 20.017259 4357.193477
 20.034409 4373.195567
 20.051558 4319.648572
 20.068707 4200.416406
 20.085856 4023.911256
 20.103005 3802.112465
 20.120154 3549.224593
 20.137303 3281.159907
 20.154452 3010.972297
 20.171601 2751.754795
 20.18875 2513.486646
 20.2059 2303.220345
 20.223049 2125.141822
 20.240198 1980.951468
 20.257347 1870.447017
 20.274496 1792.178788
 20.291645 1744.060307
 20.308794 1723.8444
 20.325943 1729.410729
 20.343092 1758.848037
 20.360241 1810.348982
 20.377391 1881.964273
 20.39454 1971.283624
 20.411689 2075.122786
 20.428838 2189.296146
 20.445987 2308.543118
 20.463136 2426.242298
 20.480285 2536.157436
 20.497434 2631.712122
 20.514583 2705.828155
 20.531732 2753.353424
 20.548882 2770.86616
 20.566031 2757.082076
 20.58318 2713.010046
 20.600329 2641.830038
 20.617478 2548.513903
 20.634627 2439.251498
 20.651776 2320.774556
 20.668925 2199.679953
 20.686074 2081.845631
 20.703223 1972.006653
 20.720373 1873.524982
 20.737522 1788.351037
 20.754671 1717.146508
 20.77182 1659.519112
 20.788969 1614.314205
 20.806118 1579.912418
 20.823267 1554.494656
 20.840416 1536.250839
 20.857565 1523.523699
 20.874714 1514.89071
 20.891863 1509.194884
 20.909013 1505.53856
 20.926162 1503.254363
 20.943311 1501.865315
 20.96046 1501.042928
 20.977609 1500.568814
 20.994758 1500.0
 21.011907 1500.0
 21.029056 1504.089289
 21.046205 1507.47032
 21.063354 1513.313147
 21.080504 1523.145911
 21.097653 1539.257426
 21.114802 1564.956884
 21.131951 1604.854266
 21.1491 1665.122516
 21.166249 1753.680669
 21.183398 1880.216428
 21.200547 2055.953298
 21.217696 2293.069224
 21.234845 2603.698989
 21.251995 2998.505224
 21.269144 3484.884427
 21.286293 4064.972784
 21.303442 4733.717363
 21.320591 5477.353912
 21.33774 6272.659083
 21.354889 7087.295223
 21.372038 7881.442734
 21.389187 8610.712968
 21.406336 9230.105182
 21.423486 9698.539876
 21.440635 9983.349508
 21.457784 10064.041802
 21.474933 9934.737998
 21.492082 9604.879643
 21.509231 9098.090321
 21.52638 8449.378345
 21.543529 7701.143875
 21.560678 6898.618563
 21.577827 6085.420034
 21.594977 5299.809824
 21.612126 4572.072577
 21.629275 3923.195797
 21.646424 3368.922898
 21.663573 2907.591164
 21.680722 2538.834331
 21.697871 2255.793523
 21.71502 2049.494808
 21.732169 1910.796112
 21.749319 1831.958371
 21.766468 1807.758403
 21.783617 1836.117334
 21.800766 1918.247077
 21.817915 2058.327247
 21.835064 2262.727565
 21.852213 2538.801246
 21.869362 2893.303743
 21.886511 3326.966113
 21.90366 3848.538281
 21.92081 4445.75025
 21.937959 5105.165326
 21.955108 5805.120344
 21.972257 6516.214388
 21.989406 7202.921723
 22.006555 7826.289977
 22.023704 8347.483416
 22.040853 8731.741549
 22.058002 8952.202482
 22.075151 8993.005597
 22.092301 8851.178222
 22.10945 8536.993031
 22.126599 8072.738723
 22.143748 7490.105811
 22.160897 6826.615011
 22.178046 6121.644975
 22.195195 5412.641954
 22.212344 4732.002352
 22.229493 4104.95997
 22.246642 3548.604037
 22.263792 3071.963173
 22.280941 2676.938709
 22.29809 2359.789679
 22.315239 2112.854363
 22.332388 1926.23468
 22.349537 1789.245401
 22.366686 1691.518219
 22.383835 1623.731258
 22.400984 1577.996341
 22.418133 1547.972709
 22.435283 1528.789838
 22.452432 1516.858111
 22.469581 1509.631702
 22.48673 1505.369346
 22.503879 1500.0
 22.521028 1500.0
 22.538177 1500.0
 22.555326 1500.0
 22.572475 1500.0
 22.589624 1500.0
 22.606773 1500.0
 22.623923 1500.0
 22.641072 1500.0
 22.658221 1500.0
 22.67537 1500.0
 22.692519 1500.0
 22.709668 1500.0
 22.726817 1500.854165
 22.743966 1501.527107
 22.761115 1502.664183
 22.778264 1504.535501
 22.795414 1507.534477
 22.812563 1512.213708
 22.829712 1519.320055
 22.846861 1529.821915
 22.86401 1544.918875
 22.881159 1566.021937
 22.898308 1594.692055
 22.915457 1632.527061
 22.932606 1680.992745
 22.949755 1741.203248
 22.966905 1813.668111
 22.984054 1898.036226
 23.001203 1992.878251
 23.018352 2095.554217
 23.035501 2202.210525
 23.05265 2307.936994
 23.069799 2407.092457
 23.086948 2493.777704
 23.104097 2562.405501
 23.121246 2608.292639
 23.138396 2628.187694
 23.155545 2620.651975
 23.172694 2586.231296
 23.189843 2527.390796
 23.206992 2448.223043
 23.224141 2353.977523
 23.24129 2250.48689
 23.258439 2143.576389
 23.275588 2038.538827
 23.292738 1939.737422
 23.309887 1850.371595
 23.327036 1772.409933
 23.344185 1706.668896
 23.361334 1652.997704
 23.378483 1610.522781
 23.395632 1577.906784
 23.412781 1555.803325
 23.42993 1539.905881
 23.447079 1530.388229
 23.464229 1526.617994
 23.481378 1528.486438
 23.498527 1536.492097
 23.515676 1551.796633
 23.532825 1576.246403
 23.549974 1612.344609
 23.567123 1663.152248
 23.584272 1731.763916
 23.601421 1822.475117
 23.61857 1937.833127
 23.63572 2080.071453
 23.652869 2249.972646
 23.670018 2446.13718
 23.687167 2664.645558
 23.704316 2898.837386
 23.721465 3139.370686
 23.738614 3374.675747
 23.755763 3591.783094
 23.772912 3777.461156
 23.790061 3919.532168
 23.807211 4008.187836
 23.82436 4037.108214
 23.841509 4004.756156
 23.858658 3912.85508
 23.875807 3768.406582
 23.892956 3581.581791
 23.910105 3364.902636
 23.927254 3131.941191
 23.944403 2896.032161
 23.961552 2669.169533
 23.978702 2461.208178
 23.995851 2279.422525
 24.013 2128.409016
 24.030149 2010.265888
 24.047298 1924.95347
 24.064447 1870.733776
 24.081596 1844.603668
 24.098745 1842.666953
 24.115894 1860.424938
 24.133043 1892.995317
 24.150192 1935.288658
 24.167342 1982.169103
 24.184491 2028.660289
 24.20164 2070.169249
 24.218789 2102.731071
 24.235938 2123.253129
 24.253087 2128.537121
 24.270236 2120.675343
 24.287385 2098.086195
 24.304534 2062.380484
 24.321683 2016.018492
 24.338833 1962.029995
 24.355982 1903.688362
 24.373131 1844.18718
 24.39028 1786.362875
 24.407429 1732.494904
 24.424578 1684.198444
 24.441727 1642.408304
 24.458876 1607.439148
 24.476025 1579.098566
 24.493174 1556.826964
 24.510324 1539.840151
 24.527473 1527.256435
 24.544622 1518.196989
 24.561771 1511.855318
 24.57892 1507.537214
 24.596069 1504.676202
 24.613218 1502.831138
 24.630367 1501.672689
 24.647516 1500.964397
 24.664665 1500.542606
 24.681815 1500.0
 24.698964 1500.0
 24.716113 1500.0
 24.733262 1500.0
 24.750411 1500.0
 24.76756 1500.0
 24.784709 1500.0
 24.801858 1500.0
 24.819007 1500.0
 24.836157 1500.0
 24.853306 1500.0
 24.870455 1500.0
 24.887604 1500.0
 24.904753 1500.0
 24.921902 1500.0
 24.939051 1500.0
 24.9562 1500.0
 24.973349 1500.0
 24.990498 1500.0
 25.007648 1500.0
 25.024797 1500.0
 25.041946 1500.0
 25.059095 1500.0
 25.076244 1500.0
 25.093393 1500.0
 25.110542 1500.0
 25.127691 1500.0
 25.14484 1500.0
 25.161989 1500.0
 25.179139 1500.0
 25.196288 1500.0
 25.213437 1500.0
 25.230586 1504.395682
 25.247735 1507.801135
 25.264884 1513.512821
 25.282033 1522.844968
 25.299182 1537.695636
 25.316331 1560.708179
 25.33348 1595.424212
 25.35063 1646.394524
 25.367779 1719.202521
 25.384928 1820.346724
 25.402077 1956.928913
 25.419226 2136.106963
 25.436375 2364.299666
 25.453524 2646.174472
 25.470673 2983.504377
 25.487822 3374.03673
 25.504971 3810.563932
 25.522121 4280.404255
 25.53927 4765.482639
 25.556419 5243.136682
 25.573568 5687.667888
 25.590717 6072.527836
 25.607866 6372.898842
 25.625015 6568.327215
 25.642164 6645.023324
 25.659313 6597.471305
 25.676462 6429.083124
 25.693611 6151.795459
 25.710761 5784.669703
 25.72791 5351.726721
 25.745059 4881.850138
 25.762208 4398.148281
 25.779357 3926.070143
 25.796506 3485.684022
 25.813655 3092.14854
 25.830804 2755.576326
 25.847953 2481.536466
 25.865102 2271.99673
 25.882252 2126.469506
 25.899401 2043.128019
 25.91655 2019.699781
 25.933699 2054.004439
 25.950848 2144.075558
 25.967997 2287.878845
 25.985146 2482.707012
 26.002295 2724.387082
 26.019444 3006.473937
 26.036593 3319.618955
 26.053743 3651.289097
 26.070892 3985.967312
 26.088041 4304.95775
 26.10519 4592.502726
 26.122339 4828.352965
 26.139488 4997.065146
 26.156637 5087.273755
 26.173786 5093.041109
 26.190935 5014.613732
 26.208084 4858.461192
 26.225234 4636.587986
 26.242383 4365.223777
 26.259532 4063.092275
 26.276681 3749.511381
 26.29383 3442.582091
 26.310979 3157.683714
 26.328128 2906.423279
 26.345277 2696.101743
 26.362426 2529.681303
 26.379576 2406.177091
 26.396725 2321.360375
 26.413874 2268.648683
 26.431023 2240.065618
 26.448172 2227.171575
 26.465321 2221.888931
 26.48247 2217.168338
 26.499619 2207.872279
 26.516768 2189.717777
 26.533917 2161.061747
 26.551067 2121.779294
 26.568216 2073.227245
 26.585365 2017.879438
 26.602514 1957.493884
 26.619663 1899.036952
 26.636812 1843.524233
 26.653961 1794.116732
 26.67111 1753.35878
 26.688259 1723.084546
 26.705408 1704.386954
 26.722558 1697.629877
 26.739707 1702.484998
 26.756856 1717.980374
 26.774005 1742.556765
 26.791154 1774.136279
 26.808303 1810.213597
 26.825452 1847.980352
 26.842601 1884.488425
 26.85975 1916.848711
 26.876899 1942.450757
 26.894049 1959.179463
 26.911198 1965.599357
 26.928347 1961.078121
 26.945496 1945.609419
 26.962645 1920.73992
 26.979794 1887.768938
 26.996943 1848.84459
 27.014092 1806.330564
 27.031241 1762.571596
 27.04839 1719.686776
 27.06554 1679.414896
 27.082689 1643.02474
 27.099838 1611.291386
 27.116987 1584.52969
 27.134136 1562.669172
 27.151285 1545.351871
 27.168434 1532.035579
 27.185583 1522.088471
 27.202732 1514.865995
 27.219881 1509.766008
 27.23703 1506.262308
 27.25418 1505.030904
 27.271329 1504.376378
 27.288478 1504.878035
 27.305627 1506.694841
 27.322776 1510.201488
 27.339925 1516.021952
 27.357074 1524.923184
 27.374223 1538.478406
 27.391372 1557.995937
 27.408521 1585.338522
 27.425671 1622.591362
 27.44282 1671.926155
 27.459969 1735.391877
 27.477118 1814.636089
 27.494267 1910.575709
 27.511416 2023.05302
 27.528565 2150.528027
 27.545714 2289.867474
 27.562863 2436.290111
 27.580012 2583.514442
 27.597162 2724.128773
 27.614311 2850.167623
 27.63146 2953.839601
 27.648609 3028.317456
 27.665758 3068.479922
 27.682907 3071.493876
 27.700056 3037.144842
 27.717205 2967.862136
 27.734354 2868.4349
 27.751503 2745.464644
 27.768653 2606.641774
 27.785802 2459.955529
 27.802951 2312.949461
 27.8201 2172.116149
 27.837249 2042.492136
 27.854398 1927.475143
 27.871547 1828.849018
 27.888696 1746.973558
 27.905845 1681.080855
 27.922995 1629.61723
 27.940144 1590.577641
 27.957293 1561.794137
 27.974442 1541.156787
 27.991591 1526.761072
 28.00874 1516.987651
 28.025889 1510.527635
 28.043038 1506.369362
 28.060187 1503.762084
 28.077336 1502.169345
 28.094486 1501.221225
 28.111635 1500.0
 28.128784 1500.0
 28.145933 1500.0
 28.163082 1500.0
 28.180231 1500.0
 28.19738 1500.0
 28.214529 1500.0
 28.231678 1500.0
 28.248827 1500.0
 28.265977 1500.0
 28.283126 1500.0
 28.300275 1500.0
 28.317424 1500.0
 28.334573 1500.0
 28.351722 1500.0
 28.368871 1500.0
 28.38602 1500.0
 28.403169 1500.0
 28.420318 1500.643312
 28.437468 1501.145285
 28.454617 1501.99077
 28.471766 1503.378664
 28.488915 1505.598676
 28.506064 1509.058207
 28.523213 1514.30922
 28.540362 1522.070222
 28.557511 1533.236453
 28.57466 1548.869743
 28.591809 1570.158937
 28.608959 1598.343058
 28.626108 1634.592957
 28.643257 1679.853557
 28.660406 1734.657232
 28.677555 1798.928422
 28.694704 1871.808201
 28.711853 1951.532829
 28.729002 2035.400074
 28.746151 2119.849638
 28.7633 2200.669507
 28.78045 2273.319792
 28.797599 2333.343678
 28.814748 2376.815791
 28.831897 2400.765721
 28.849046 2403.51358
 28.866195 2384.864822
 28.883344 2346.132987
 28.900493 2289.986775
 28.917642 2220.145999
 28.934791 2140.974659
 28.95194 2057.032817
 28.96909 1972.650716
 28.986239 1891.579096
 29.003388 1816.751245
 29.020537 1750.170914
 29.037686 1692.918977
 29.054835 1645.255547
 29.071984 1606.78497
 29.089133 1576.649114
 29.106282 1553.718483
 29.123431 1536.758678
 29.140581 1524.559275
 29.15773 1516.021039
 29.174879 1510.204348
 29.192028 1506.345987
 29.209177 1503.853297
 29.226326 1502.284467
 29.243475 1501.322381
 29.260624 1500.74739
 29.277773 1500.0
 29.294922 1500.0
 29.312072 1500.0
 29.329221 1500.0
 29.34637 1500.0
 29.363519 1500.0
 29.380668 1500.0
 29.397817 1500.0
 29.414966 1500.0
 29.432115 1500.0
 29.449264 1500.0
 29.466414 1500.03103
 29.483563 1500.05452
 29.500712 1500.093536
 29.517861 1500.156694
 29.53501 1500.256316
 29.552159 1500.409403
 29.569308 1500.638522
 29.586457 1500.972411
 29.603606 1501.446016
 29.620755 1504.306109
 29.637905 1506.859768
 29.655054 1510.793535
 29.672203 1516.767073
 29.689352 1525.69846
 29.706501 1538.829404
 29.72365 1557.78583
 29.740799 1584.619875
 29.757948 1621.814381
 29.775097 1672.227493
 29.792246 1738.954877
 29.809396 1825.092095
 29.826545 1933.391433
 29.843694 2065.825588
 29.860843 2223.094085
 29.877992 2404.132683
 29.895141 2605.706047
 29.91229 2822.173328
 29.929439 3045.509332
 29.946588 3265.637992
 29.963737 3471.090402
 29.980887 3649.945864
 29.998036 3790.95585
 30.015185 3884.70796
 30.032334 3924.662931
 30.049483 3907.906458
 30.066632 3835.496147
 30.083781 3712.346706
 30.10093 3546.671268
 30.118079 3349.067953
 30.135228 3131.392978
 30.152378 2905.587981
 30.169527 2682.620314
 30.186676 2471.663124
 30.203825 2279.588314
 30.220974 2110.788661
 30.238123 1967.293844
 30.255272 1849.108536
 30.272421 1754.683279
 30.28957 1681.429735
 30.306719 1626.20697
 30.323869 1585.71719
 30.341018 1556.857072
 30.358167 1536.826716
 30.375316 1523.291805
 30.392465 1514.384829
 30.409614 1508.674957
 30.426763 1505.108469
 30.443912 1502.937478
 30.461061 1501.649372
 30.47821 1500.0
 30.495359 1500.0
 30.512509 1500.0
 30.529658 1500.0
 30.546807 1500.0
 30.563956 1500.0
 30.581105 1500.0
 30.598254 1500.0
 30.615403 1504.776405
 30.632552 1508.458914
 30.649701 1514.63012
 30.66685 1524.711624
 30.684 1540.763838
 30.701149 1565.670366
 30.718298 1603.857445
 30.735447 1659.703773
 30.752596 1739.864279
 30.769745 1851.881782
 30.786894 2004.217455
 30.804043 2205.731077
 30.821192 2464.87875
 30.838341 2788.640965
 30.855491 3181.250002
 30.87264 3642.848625
 30.889789 4168.269306
 30.906938 4746.158533
 30.924087 5358.671231
 30.941236 5981.913082
 30.958385 6587.216785
 30.975534 7143.209598
 30.992683 7618.48702
 31.009832 7984.581266
 31.026982 8218.832063
 31.044131 8306.749306
 31.06128 8244.52342
 31.078429 8036.197857
 31.095578 7697.21864
 31.112727 7250.263705
 31.129876 6723.394207
 31.147025 6147.285182
 31.164174 5552.48144
 31.181324 4967.015021
 31.198473 4414.622305
 31.215622 3913.671692
 31.232771 3476.787984
 31.24992 3111.061166
 31.267069 2818.668568
 31.284218 2597.722776
 31.301367 2443.180534
 31.318516 2347.693452
 31.335665 2302.337905
 31.352815 2297.213277
 31.369964 2321.934743
 31.387113 2366.064209
 31.404262 2419.520595
 31.421411 2472.992818
 31.43856 2518.35301
 31.455709 2549.042739
 31.472858 2557.225387
 31.490007 2548.071808
 31.507156 2515.841435
 31.524306 2462.271683
 31.541455 2390.627234
 31.558604 2305.287709
 31.575753 2210.893088
 31.592902 2113.391066
 31.610051 2016.902995
 31.6272 1925.421295
 31.644349 1841.954316
 31.661498 1768.44528
 31.678647 1705.817534
 31.695797 1654.116098
 31.712946 1612.707487
 31.730095 1580.500161
 31.747244 1556.153916
 31.764393 1538.256281
 31.781542 1525.454521
 31.798691 1516.541187
 31.81584 1510.498036
 31.832989 1506.507124
 31.850138 1503.939217
 31.867288 1502.329006
 31.884437 1501.344841
 31.901586 1500.758423
 31.918735 1500.0
 31.935884 1500.0
 31.953033 1500.0
 31.970182 1500.0
 31.987331 1500.0
 32.00448 1500.0
 32.021629 1500.0
 32.038778 1500.0
 32.055928 1500.0
 32.073077 1500.0
 32.090226 1500.0
 32.107375 1500.0
 32.124524 1500.0
 32.141673 1500.0
 32.158822 1500.0
 32.175971 1500.0
 32.19312 1500.0
 32.21027 1500.0
 32.227419 1500.0
 32.244568 1500.0
 32.261717 1500.0
 32.278866 1500.0
 32.296015 1500.0
 32.313164 1500.0
 32.330313 1500.0
 32.347462 1500.44664
 32.364611 1500.779736
 32.38176 1501.329665
 32.39891 1502.214836
 32.416059 1503.603675
 32.433208 1505.727353
 32.450357 1508.891327
 32.467506 1513.482901
 32.484655 1519.971199
 32.501804 1528.895408
 32.518953 1540.837322
 32.536102 1556.375349
 32.553252 1576.019436
 32.570401 1600.129786
 32.58755 1628.826435
 32.604699 1661.901009
 32.621848 1698.745271
 32.638997 1738.312326
 32.656146 1779.124816
 32.673295 1820.687824
 32.690444 1859.211762
 32.707593 1893.529411
 32.724743 1921.95349
 32.741892 1943.275385
 32.759041 1956.982575
 32.77619 1963.419962
 32.793339 1963.866099
 32.810488 1960.505045
 32.827637 1956.285805
 32.844786 1954.675281
 32.861935 1959.327989
 32.879084 1973.688465
 32.896234 2000.557734
 32.913383 2041.727885
 32.930532 2097.651949
 32.947681 2167.235913
 32.96483 2247.780546
 32.981979 2335.096742
 32.999128 2423.798983
 33.016277 2507.759061
 33.033426 2580.677885
 33.050575 2636.711183
 33.067725 2671.072422
 33.084874 2680.531868
 33.102023 2663.744562
 33.119172 2621.360399
 33.136321 2555.90548
 33.15347 2471.455165
 33.170619 2373.153583
 33.187768 2266.651674
 33.204917 2157.36481
 33.222066 2050.787705
 33.239216 1950.761626
 33.256365 1861.266837
 33.273514 1782.982469
 33.290663 1717.365331
 33.307812 1664.504565
 33.324961 1623.904707
 33.34211 1594.757088
 33.359259 1578.959797
 33.376408 1572.270837
 33.393557 1576.265727
 33.410707 1591.510041
 33.427856 1619.168875
 33.445005 1660.983245
 33.462154 1719.172592
 33.479303 1796.282627
 33.496452 1894.893342
 33.513601 2016.599895
 33.53075 2164.960577
 33.547899 2339.47622
 33.565048 2539.552085
 33.582197 2762.846955
 33.599347 3005.04156
 33.616496 3259.749372
 33.633645 3518.613139
 33.650794 3771.61663
 33.667943 4007.617587
 33.685092 4215.080563
 33.702241 4382.954161
 33.71939 4501.610432
 33.736539 4563.740907
 33.753689 4565.095885
 33.770838 4504.964657
 33.787987 4386.321156
 33.805136 4215.601606
 33.822285 4002.135449
 33.839434 3757.296013
 33.856583 3493.481093
 33.873732 3223.053671
 33.890881 2957.372184
 33.90803 2706.018902
 33.925179 2476.297161
 33.942329 2273.021899
 33.959478 2098.585621
 33.976627 1953.245365
 33.993776 1835.556643
 34.010925 1742.873983
 34.028074 1671.846395
 34.045223 1618.852863
 34.062372 1580.344812
 34.079521 1553.083246
 34.096671 1534.275521
 34.11382 1521.167557
 34.130969 1513.08597
 34.148118 1507.902726
 34.165267 1504.66213
 34.182416 1502.686759
 34.199565 1500.0
 34.216714 1500.0
 34.233863 1500.0
 34.251012 1500.0
 34.268162 1500.0
 34.285311 1500.0
 34.30246 1500.0
 34.319609 1500.0
 34.336758 1500.0
 34.353907 1500.0
 34.371056 1500.001265
 34.388205 1501.144841
 34.405354 1502.008314
 34.422503 1503.44216
 34.439653 1505.764266
 34.456802 1509.431286
 34.473951 1515.076895
 34.4911 1523.548722
 34.508249 1535.936641
 34.525398 1553.582456
 34.542547 1578.059008
 34.559696 1611.106369
 34.576845 1654.514995
 34.593994 1709.951177
 34.611144 1778.729048
 34.628293 1861.545195
 34.645442 1958.204775
 34.662591 2067.379311
 34.67974 2186.442928
 34.696889 2311.432896
 34.714038 2437.169649
 34.731187 2557.551199
 34.748336 2666.010175
 34.765485 2756.104553
 34.782635 2822.104151
 34.799784 2859.645495
 34.816933 2866.177776
 34.834082 2841.258475
 34.851231 2786.604274
 34.86838 2705.897875
 34.885529 2604.379881
 34.902678 2488.289823
 34.919827 2364.238114
 34.936976 2238.596992
 34.954126 2116.986122
 34.971275 2003.906411
 34.988424 1902.546627
 35.005573 1814.75812
 35.022722 1741.170251
 35.039871 1681.404171
 35.05702 1634.337925
 35.074169 1598.379681
 35.091318 1571.715435
 35.108467 1552.509918
 35.125617 1539.051641
 35.142766 1529.843004
 35.159915 1523.643068
 35.177064 1519.473994
 35.194213 1516.602759
 35.211362 1514.508511
 35.228511 1512.843268
 35.24566 1510.5801
 35.262809 1511.623454
 35.279958 1512.087666
 35.297108 1513.55098
 35.314257 1516.668302
 35.331406 1522.358265
 35.348555 1531.881794
 35.365704 1546.923741
 35.382853 1569.663918
 35.400002 1602.817724
 35.417151 1649.621401
 35.4343 1713.734562
 35.451449 1799.035126
 35.468598 1909.290748
 35.485748 2047.707716
 35.502897 2216.381442
 35.520046 2415.700398
 35.537195 2643.78203
 35.554344 2896.037637
 35.571493 3164.969511
 35.588642 3440.287479
 35.605791 3709.397461
 35.62294 3958.255028
 35.64009 4172.555573
 35.657239 4339.033592
 35.674388 4446.847084
 35.691537 4488.733669
 35.708686 4461.820052
 35.725835 4367.94718
 35.742984 4213.462721
 35.760133 4008.510773
 35.777282 3765.93061
 35.794431 3499.930522
 35.811581 3224.725232
 35.82873 2953.318082
 35.845879 2696.564717
 35.863028 2462.599031
 35.880177 2256.636549
 35.897326 2081.1132
 35.914475 1936.499256
 35.931624 1820.488253
 35.948773 1730.36342
 35.965922 1662.545147
 35.983072 1613.31711
 36.000221 1579.204332
 36.01737 1557.227399
 36.034519 1545.042681
 36.051668 1540.987535
 36.068817 1544.051865
 36.085966 1553.795039
 36.103115 1570.222686
 36.120264 1593.633535
 36.137413 1624.444142
 36.154563 1662.31467
 36.171712 1709.019616
 36.188861 1763.045276
 36.20601 1823.510387
 36.223159 1888.830475
 36.240308 1956.97838
 36.257457 2024.722739
 36.274606 2088.911427
 36.291755 2146.091588
 36.308904 2192.979839
 36.326054 2226.806619
 36.343203 2245.633261
 36.360352 2248.595693
 36.377501 2236.036449
 36.39465 2209.502248
 36.411799 2171.603826
 36.428948 2125.75474
 36.446097 2075.823153
 36.463246 2025.741144
 36.480395 1979.120127
 36.497545 1938.917058
 36.514694 1907.186414
 36.531843 1884.940189
 36.548992 1872.123852
 36.566141 1867.7027
 36.58329 1869.842235
 36.600439 1876.157409
 36.617588 1884.000545
 36.634737 1890.755644
 36.651886 1894.107533
 36.669036 1892.258468
 36.686185 1884.072023
 36.703334 1869.132898
 36.720483 1847.722607
 36.737632 1820.720781
 36.754781 1789.454007
 36.77193 1755.502299
 36.789079 1720.521516
 36.806228 1685.835818
 36.823377 1653.338693
 36.840527 1623.652974
 36.857676 1597.458299
 36.874825 1575.08564
 36.891974 1556.564449
 36.909123 1541.68957
 36.926272 1530.095456
 36.943421 1521.327084
 36.96057 1514.900125
 36.977719 1510.346349
 36.994868 1507.243368
 37.012018 1505.230181
 37.029167 1504.011432
 37.046316 1503.353808
 37.063465 1503.077899
 37.080614 1503.221774
 37.097763 1503.469846
 37.114912 1503.876906
 37.132061 1504.372877
 37.14921 1505.186736
 37.166359 1506.257947
 37.183509 1507.726338
 37.200658 1509.784349
 37.217807 1512.682244
 37.234956 1516.728074
 37.252105 1522.279957
 37.269254 1529.728416
 37.286403 1539.467223
 37.303552 1551.852515
 37.320701 1567.151906
 37.33785 1585.487668
 37.355 1606.780516
 37.372149 1630.702459
 37.389298 1656.648125
 37.406447 1683.733258
 37.423596 1710.826589
 37.440745 1736.616938
 37.457894 1759.712009
 37.475043 1778.759494
 37.492192 1792.57632
 37.509341 1800.269034
 37.526491 1801.328354
 37.54364 1795.683959
 37.560789 1783.71135
 37.577938 1766.189818
 37.595087 1744.218008
 37.612236 1719.982647
 37.629385 1693.768979
 37.646534 1667.571189
 37.663683 1642.8288
 37.680832 1620.864011
 37.697982 1602.879623
 37.715131 1589.983577
 37.73228 1583.238787
 37.749429 1583.72046
 37.766578 1592.561781
 37.783727 1610.968494
 37.800876 1640.63793
 37.818025 1682.19867
 37.835174 1736.974973
 37.852323 1805.671886
 37.869473 1888.409002
 37.886622 1984.507775
 37.903771 2092.32396
 37.92092 2209.165964
 37.938069 2331.331958
 37.955218 2454.285835
 37.972367 2572.887271
 37.989516 2682.162643
 38.006665 2777.155469
 38.023814 2853.926277
 38.040964 2909.660015
 38.058113 2942.993267
 38.075262 2954.033096
 38.092411 2944.217005
 38.10956 2916.012575
 38.126709 2872.514147
 38.143858 2817.010283
 38.161007 2752.596963
 38.178156 2681.897113
 38.195305 2606.920992
 38.212455 2529.070355
 38.229604 2449.532819
 38.246753 2368.595437
 38.263902 2287.228748
 38.281051 2205.86254
 38.2982 2125.616341
 38.315349 2047.775601
 38.332498 1973.883099
 38.349647 1905.647306
 38.366796 1844.821567
 38.383946 1793.080863
 38.401095 1751.915319
 38.418244 1722.549276
 38.435393 1705.884324
 38.452542 1702.456955
 38.469691 1712.399285
 38.48684 1735.393903
 38.503989 1770.25978
 38.521138 1816.510357
 38.538287 1871.571695
 38.555437 1932.907383
 38.572586 1997.421977
 38.589735 2061.589095
 38.606884 2121.651274
 38.624033 2173.881373
 38.641182 2214.880846
 38.658331 2241.878902
 38.67548 2252.991489
 38.692629 2247.237258
 38.709778 2225.343371
 38.726928 2188.449574
 38.744077 2138.915566
 38.761226 2079.771707
 38.778375 2014.41313
 38.795524 1946.280284
 38.812673 1878.686591
 38.829822 1814.200718
 38.846971 1755.001877
 38.86412 1702.525034
 38.881269 1657.548898
 38.898419 1620.281113
 38.915568 1590.484179
 38.932717 1567.618298
 38.949866 1550.979921
 38.967015 1539.819841
 38.984164 1533.43072
 39.001313 1531.199806
 39.018462 1532.627615
 39.035611 1537.317085
 39.05276 1544.940283
 39.06991 1555.191266
 39.087059 1567.734365
 39.104208 1582.15712
 39.121357 1597.760949
 39.138506 1614.327961
 39.155655 1630.729106
 39.172804 1646.31689
 39.189953 1660.104324
 39.207102 1671.276653
 39.224251 1679.134753
 39.241401 1683.167391
 39.25855 1683.106239
 39.275699 1678.955407
 39.292848 1670.990991
 39.309997 1659.730687
 39.327146 1645.878138
 39.344295 1630.250309
 39.361444 1613.698308
 39.378593 1597.032204
 39.395742 1580.958859
 39.412892 1566.038836
 39.430041 1552.664857
 39.44719 1541.060931
 39.464339 1531.298461
 39.481488 1523.324018
 39.498637 1516.992992
 39.515786 1512.103815
 39.532935 1508.428699
 39.550084 1505.738316
 39.567233 1503.81939
 39.584383 1502.485357
 39.601532 1501.581135
 39.618681 1500.983408
 39.63583 1500.597976
 39.652979 1500.355482
 39.670128 1500.206603
 39.687277 1500.117392
 39.704426 1500.0
 39.721575 1500.0
 39.738724 1500.0
 39.755874 1500.0
 39.773023 1500.0
 39.790172 1500.0
 39.807321 1500.0
 39.82447 1500.0
 39.841619 1500.0
 39.858768 1500.0
 39.875917 1500.000013
 39.893066 1500.000023
 39.910215 1500.000039
 39.927365 1500.000066
 39.944514 1500.000108
 39.961663 1500.000175
 39.978812 1500.000276
 39.995961 1500.000426
 40.01311 1500.094003
 40.030259 1500.166639
 40.047408 1500.288859
 40.064557 1501.460424
 40.081706 1502.501452
 40.098856 1504.191584
 40.116005 1506.871171
 40.133154 1511.019059
 40.150303 1517.286781
 40.167452 1526.52984
 40.184601 1539.829169
 40.20175 1558.493726
 40.218899 1584.033834
 40.236048 1618.094958
 40.253197 1662.786915
 40.270347 1719.074939
 40.287496 1788.459065
 40.304645 1871.702145
 40.321794 1968.669999
 40.338943 2078.291139
 40.356092 2198.422493
 40.373241 2325.77427
 40.39039 2456.045041
 40.407539 2584.179059
 40.424688 2704.751932
 40.441838 2812.44641
 40.458987 2902.557963
 40.476136 2971.459048
 40.493285 3016.950045
 40.510434 3038.440269
 40.527583 3036.927659
 40.544732 3014.780687
 40.561881 2975.35881
 40.57903 2922.536226
 40.596179 2860.20794
 40.613329 2791.857305
 40.630478 2720.247582
 40.647627 2647.27382
 40.664776 2573.979028
 40.681925 2500.708793
 40.699074 2427.356306
 40.716223 2353.639509
 40.733372 2279.354647
 40.750521 2204.562553
 40.76767 2129.683975
 40.78482 2055.500562
 40.801969 1983.076565
 40.819118 1913.628117
 40.836267 1848.371915
 40.853416 1788.38285
 40.870565 1734.483315
 40.887714 1687.176796
 40.904863 1646.540869
 40.922012 1612.640323
 40.939161 1584.918093
 40.956311 1562.409851
 40.97346 1545.304776
 40.990609 1532.230353
 41.007758 1522.470681
 41.024907 1515.353001
 41.042056 1510.27988
 41.059205 1506.745102
 41.076354 1504.336898
 41.093503 1502.732381
 41.110652 1501.686757
 41.127802 1501.020208
 41.144951 1500.453841
 41.1621 1500.269597
 41.179249 1500.156633
 41.196398 1500.054476
 41.213547 1500.0
 41.230696 1500.0
 41.247845 1500.0
 41.264994 1500.0
 41.282143 1500.0
 41.299293 1500.0
 41.316442 1500.0
 41.333591 1500.0
 41.35074 1500.0
 41.367889 1500.001631
 41.385038 1500.002829
 41.402187 1500.004799
 41.419336 1500.007961
 41.436485 1500.012915
 41.453634 1500.020492
 41.470784 1500.031798
 41.487933 1500.048256
 41.505082 1500.071621
 41.522231 1500.103959
 41.53938 1500.147578
 41.556529 1500.204888
 41.573678 1500.278192
 41.590827 1500.36941
 41.607976 1500.843374
 41.625125 1501.245438
 41.642275 1501.845221
 41.659424 1502.740659
 41.676573 1504.072992
 41.693722 1506.040252
 41.710871 1508.911414
 41.72802 1513.039134
 41.745169 1518.868067
 41.762318 1526.934873
 41.779467 1537.855521
 41.796616 1552.295721
 41.813766 1570.921458
 41.830915 1594.328965
 41.848064 1622.956911
 41.865213 1656.98784
 41.882362 1696.250186
 41.899511 1740.135773
 41.91666 1787.54928
 41.933809 1836.905048
 41.950958 1886.182268
 41.968107 1933.042091
 41.985257 1975.000648
 42.002406 2009.641981
 42.019555 2034.846275
 42.036704 2049.003696
 42.053853 2051.183997
 42.071002 2041.237079
 42.088151 2019.809355
 42.1053 1988.273724
 42.122449 1948.583396
 42.139598 1903.071459
 42.156748 1854.224629
 42.173897 1804.46154
 42.191046 1756.467258
 42.208195 1711.336805
 42.225344 1670.743131
 42.242493 1635.609538
 42.259642 1606.453596
 42.276791 1583.476735
 42.29394 1566.666784
 42.311089 1555.912297
 42.328239 1551.098044
 42.345388 1552.175045
 42.362537 1559.232454
 42.379686 1572.370476
 42.396835 1591.814293
 42.413984 1617.799515
 42.431133 1650.301534
 42.448282 1689.164669
 42.465431 1733.850661
 42.48258 1783.388017
 42.49973 1836.08062
 42.516879 1890.64871
 42.534028 1944.411806
 42.551177 1994.90406
 42.568326 2039.630238
 42.585475 2076.295498
 42.602624 2103.031722
 42.619773 2118.58822
 42.636922 2122.45821
 42.654071 2114.920571
 42.671221 2096.990463
 42.68837 2070.285721
 42.705519 2037.644361
 42.722668 2000.228054
 42.739817 1960.784454
 42.756966 1921.416005
 42.774115 1883.923725
 42.791264 1849.759774
 42.808413 1820.047998
 42.825562 1795.657342
 42.842712 1777.303856
 42.859861 1765.652868
 42.87701 1761.39365
 42.894159 1765.264729
 42.911308 1778.017408
 42.928457 1800.316705
 42.945606 1832.591144
 42.962755 1874.85392
 42.979904 1926.525905
 42.997053 1986.294858
 43.014203 2052.043648
 43.031352 2120.873021
 43.048501 2189.232054
 43.06565 2253.153297
 43.082799 2308.365761
 43.099948 2351.582129
 43.117097 2379.306644
 43.134246 2389.362011
 43.151395 2380.749303
 43.168544 2353.749026
 43.185694 2309.881224
 43.202843 2251.731342
 43.219992 2182.669733
 43.237141 2106.506147
 43.25429 2027.101833
 43.271439 1948.153288
 43.288588 1872.724379
 43.305737 1803.181298
 43.322886 1741.289531
 43.340035 1687.844937
 43.357185 1643.087765
 43.374334 1606.638872
 43.391483 1577.795679
 43.408632 1555.604031
 43.425781 1539.013377
 43.44293 1526.999865
 43.460079 1518.593369
 43.477228 1512.986375
 43.494377 1509.515163
 43.511526 1507.667046
 43.528676 1507.065539
 43.545825 1507.447612
 43.562974 1508.637513
 43.580123 1510.52034
 43.597272 1512.894482
 43.614421 1516.222951
 43.63157 1520.066557
 43.648719 1524.421308
 43.665868 1529.272248
 43.683017 1534.768027
 43.700167 1540.691187
 43.717316 1547.180983
 43.734465 1554.338945
 43.751614 1562.341846
 43.768763 1571.45672
 43.785912 1582.046705
 43.803061 1594.563391
 43.82021 1609.522287
 43.837359 1627.45982
 43.854508 1648.872822
 43.871658 1674.14455
 43.888807 1703.464329
 43.905956 1736.750541
 43.923105 1773.58812
 43.940254 1813.249557
 43.957403 1854.503998
 43.974552 1895.903518
 43.991701 1935.719256
 44.00885 1972.092473
 44.025999 2003.863004
 44.043149 2028.493782
 44.060298 2045.138812
 44.077447 2053.072434
 44.094596 2052.182155
 44.111745 2043.028898
 44.128894 2026.85316
 44.146043 2005.525442
 44.163192 1981.441414
 44.180341 1957.385054
 44.19749 1936.326309
 44.21464 1921.226699
 44.231789 1914.813549
 44.248938 1919.343845
 44.266087 1936.458537
 44.283236 1966.894049
 44.300385 2010.427821
 44.317534 2065.777056
 44.334683 2130.593705
 44.351832 2201.583731
 44.368981 2274.645901
 44.386131 2345.185598
 44.40328 2408.453629
 44.420429 2459.938869
 44.437578 2495.762995
 44.454727 2513.031529
 44.471876 2510.097272
 44.489025 2486.520177
 44.506174 2443.87105
 44.523323 2384.229286
 44.540472 2310.96675
 44.557622 2228.086103
 44.574771 2140.036363
 44.59192 2050.875447
 44.609069 1964.784476
 44.626218 1884.248594
 44.643367 1811.965227
 44.660516 1749.597034
 44.677665 1698.129073
 44.694814 1658.009728
 44.711963 1629.323626
 44.729113 1611.965236
 44.746262 1605.785388
 44.763411 1610.689194
 44.78056 1626.671956
 44.797709 1653.788534
 44.814858 1692.060801
 44.832007 1741.30251
 44.849156 1801.102617
 44.866305 1870.400458
 44.883454 1947.54601
 44.900604 2030.163627
 44.917753 2114.648457
 44.934902 2198.553845
 44.952051 2276.947241
 44.9692 2345.671638
 44.986349 2400.804531
 45.003498 2439.026392
 45.020647 2457.950957
 45.037796 2456.371703
 45.054945 2434.389089
 45.072095 2393.523204
 45.089244 2336.162569
 45.106393 2265.831964
 45.123542 2186.544074
 45.140691 2102.502566
 45.15784 2017.751744
 45.174989 1935.883339
 45.192138 1859.828118
 45.209287 1791.744294
 45.226436 1732.999343
 45.243586 1684.229297
 45.260735 1645.451642
 45.277884 1616.2054
 45.295033 1595.829138
 45.312182 1583.147756
 45.329331 1577.148345
 45.34648 1576.715289
 45.363629 1580.972044
 45.380778 1588.584803
 45.397927 1598.726992
 45.415077 1610.538159
 45.432226 1623.271895
 45.449375 1636.323243
 45.466524 1648.973118
 45.483673 1661.684429
 45.500822 1673.800873
 45.517971 1685.951452
 45.53512 1698.238221
 45.552269 1711.17436
 45.569418 1725.302183
 45.586568 1741.095624
 45.603717 1758.856888
 45.620866 1778.623068
 45.638015 1800.098879
 45.655164 1822.628892
 45.672313 1845.217689
 45.689462 1866.599343
 45.706611 1885.349935
 45.72376 1900.029862
 45.740909 1909.337514
 45.758059 1912.253595
 45.775208 1908.156416
 45.792357 1896.89282
 45.809506 1878.795266
 45.826655 1854.647358
 45.843804 1825.599091
 45.860953 1793.048247
 45.878102 1758.506473
 45.895251 1723.465337
 45.9124 1689.278986
 45.92955 1657.075105
 45.946699 1627.70063
 45.963848 1601.632874
 45.980997 1579.303801
 45.998146 1560.610058
 46.015295 1545.370853
 46.032444 1533.264493
 46.049593 1523.886161
 46.066742 1516.798198
 46.083891 1511.56962
 46.101041 1507.803771
 46.11819 1505.154752
 46.135339 1503.334399
 46.152488 1502.11214
 46.169637 1501.628136
 46.186786 1501.339475
 46.203935 1501.30739
 46.221084 1501.724194
 46.238233 1502.52369
 46.255382 1503.748262
 46.272532 1505.755928
 46.289681 1508.651084
 46.30683 1512.726104
 46.323979 1518.322734
 46.341128 1525.819923
 46.358277 1535.611443
 46.375426 1548.07222
 46.392575 1563.513905
 46.409724 1582.132212
 46.426873 1603.950917
 46.444023 1628.769576
 46.461172 1656.123532
 46.478321 1685.265114
 46.49547 1715.173667
 46.512619 1744.599072
 46.529768 1772.138955
 46.546917 1796.344479
 46.564066 1815.844411
 46.581215 1829.472956
 46.598364 1836.38495
 46.615514 1836.142599
 46.632663 1828.761341
 46.649812 1814.708224
 46.666961 1794.853021
 46.68411 1770.379141
 46.701259 1742.667078
 46.718408 1713.166317
 46.735557 1683.272077
 46.752706 1654.221161
 46.769855 1627.016908
 46.787005 1602.387974
 46.804154 1580.939728
 46.821303 1562.649264
 46.838452 1547.595709
 46.855601 1535.785818
 46.87275 1526.727396
 46.889899 1520.240947
 46.907048 1516.066432
 46.924197 1514.003505
 46.941346 1513.93938
 46.958496 1515.863939
 46.975645 1519.872179
 46.992794 1526.154324
 47.009943 1535.034819
 47.027092 1546.739335
 47.044241 1561.611895
 47.06139 1579.734813
 47.078539 1601.685001
 47.095688 1627.162405
 47.112837 1655.951565
 47.129987 1687.581662
 47.147136 1721.312842
 47.164285 1756.148241
 47.181434 1790.87503
 47.198583 1824.133967
 47.215732 1854.512692
 47.232881 1880.653979
 47.25003 1901.366823
 47.267179 1915.726964
 47.284328 1923.15401
 47.301478 1923.456615
 47.318627 1916.832109
 47.335776 1903.837153
 47.352925 1885.321643
 47.370074 1862.338538
 47.387223 1836.044669
 47.404372 1807.604474
 47.421521 1778.107915
 47.43867 1748.510157
 47.455819 1719.596193
 47.472969 1692.286238
 47.490118 1666.6113
 47.507267 1643.085442
 47.524416 1621.949094
 47.541565 1603.390382
 47.558714 1587.574293
 47.575863 1574.671851
 47.593012 1564.900402
 47.610161 1558.535101
 47.62731 1555.917741
 47.64446 1557.454483
 47.661609 1563.599985
 47.678758 1574.825469
 47.695907 1591.492508
 47.713056 1614.126373
 47.730205 1642.760337
 47.747354 1677.291121
 47.764503 1717.157792
 47.781652 1761.750635
 47.798801 1809.581813
 47.815951 1858.915392
 47.8331 1907.64994
 47.850249 1953.441894
 47.867398 1993.875079
 47.884547 2026.660286
 47.901696 2049.842156
 47.918845 2061.953578
 47.935994 2062.306856
 47.953143 2050.820927
 47.970292 2028.216058
 47.987442 1995.880345
 48.004591 1955.728629
 48.02174 1910.015103
 48.038889 1861.124966
 48.056038 1811.371802
 48.073187 1762.824074
 48.090336 1717.402944
 48.107485 1676.077115
 48.124634 1639.801449
 48.141783 1608.991034
 48.158933 1583.719188
 48.176082 1563.811679
 48.193231 1548.948757
 48.21038 1538.762324
 48.227529 1532.91837
 48.244678 1531.177887
 48.261827 1533.432262
 48.278976 1539.711434
 48.296125 1550.16498
 48.313274 1565.132054
 48.330424 1584.701614
 48.347573 1609.120143
 48.364722 1638.416179
 48.381871 1672.380551
 48.39902 1710.311944
 48.416169 1751.795021
 48.433318 1795.304068
 48.450467 1839.316488
 48.467616 1882.075385
 48.484765 1921.719666
 48.501915 1956.441392
 48.519064 1984.651794
 48.536213 2005.133638
 48.553362 2017.157858
 48.570511 2020.546816
 48.58766 2015.673707
 48.604809 2003.398388
 48.621958 1984.94914
 48.639107 1961.769305
 48.656256 1935.352228
 48.673406 1907.089034
 48.690555 1878.150108
 48.707704 1849.413773
 48.724853 1821.446868
 48.742002 1794.997491
 48.759151 1769.555436
 48.7763 1745.362934
 48.793449 1722.422944
 48.810598 1700.79743
 48.827747 1680.683154
 48.844897 1662.449861
 48.862046 1646.651503
 48.879195 1634.013178
 48.896344 1625.397929
 48.913493 1621.757376
 48.930642 1624.069004
 48.947791 1633.261556
 48.96494 1650.129319
 48.982089 1675.236932
 48.999238 1708.818654
 49.016388 1750.482843
 49.033537 1800.001134
 49.050686 1855.770949
 49.067835 1915.941139
 49.084984 1978.111751
 49.102133 2039.443636
 49.119282 2096.831152
 49.136431 2147.12704
 49.15358 2187.398615
 49.170729 2215.18663
 49.187879 2228.734118
 49.205028 2227.154878
 49.222177 2210.517422
 49.239326 2179.810249
 49.256475 2136.964002
 49.273624 2084.410549
 49.290773 2025.057519
 49.307922 1961.954219
 49.325071 1898.03947
 49.34222 1835.92832
 49.35937 1777.757797
 49.376519 1725.101172
 49.393668 1678.949607
 49.410817 1639.751304
 49.427966 1607.492527
 49.445115 1581.80239
 49.462264 1562.064136
 49.479413 1547.518836
 49.496562 1537.351967
 49.513711 1530.758174
 49.530861 1526.983822
 49.54801 1525.350176
 49.565159 1525.261868
 49.582308 1526.205947
 49.599457 1527.746326
 49.616606 1529.517331
 49.633755 1531.218581
 49.650904 1532.612003
 49.668053 1533.29915
 49.685202 1533.69356
 49.702352 1533.403943
 49.719501 1532.427159
 49.73665 1530.823404
 49.753799 1528.688842
 49.770948 1526.146066
 49.788097 1523.332475
 49.805246 1520.388092
 49.822395 1517.444314
 49.839544 1514.614802
 49.856693 1511.989302
 49.873843 1509.630681
 49.890992 1507.574997
 49.908141 1505.834055
 49.92529 1504.399683
 49.942439 1503.248891
 49.959588 1502.349158
 49.976737 1501.663231
 49.993886 1501.153073
 50.011035 1500.782753
 50.028184 1500.520304
 50.045334 1500.338652
 50.062483 1500.215831
 50.079632 1500.134692
 50.096781 1500.082306
 50.11393 1500.058613
 50.131079 1500.044892
 50.148228 1500.043452
 50.165377 1500.044182
 50.182526 1500.107796
 50.199675 1500.174855
 50.216825 1500.278228
 50.233974 1500.434296
 50.251123 1500.665039
 50.268272 1501.013411
 50.285421 1501.496883
 50.30257 1502.169827
 50.319719 1503.08686
 50.336868 1504.310043
 50.354017 1505.906582
 50.371166 1507.945056
 50.388316 1510.490079
 50.405465 1513.595521
 50.422614 1517.296641
 50.439763 1521.601778
 50.456912 1526.484495
 50.474061 1531.87725
 50.49121 1537.667737
 50.508359 1543.6989
 50.525508 1549.773352
 50.542657 1555.662447
 50.559807 1561.119657
 50.576956 1565.897285
 50.594105 1569.764982
 50.611254 1572.528166
 50.628403 1574.044258
 50.645552 1574.23488
 50.662701 1573.092512
 50.67985 1570.680884
 50.696999 1567.129038
 50.714148 1562.619879
 50.731298 1557.374611
 50.748447 1551.634891
 50.765596 1545.649624
 50.782745 1539.642197
 50.799894 1533.818202
 50.817043 1528.343463
 50.834192 1523.341825
 50.851341 1518.894336
 50.86849 1515.042039
 50.885639 1511.791447
 50.902789 1509.121657
 50.919938 1506.992076
 50.937087 1505.349846
 50.954236 1504.136311
 50.971385 1503.292079
 50.988534 1502.790017
 51.005683 1502.53983
 51.022832 1502.516439
 51.039981 1502.680415
 51.05713 1503.014008
 51.07428 1503.487893
 51.091429 1504.086079
 51.108578 1504.780934
 51.125727 1505.610139
 51.142876 1506.547367
 51.160025 1507.602313
 51.177174 1508.781768
 51.194323 1510.126179
 51.211472 1511.643621
 51.228621 1513.354861
 51.245771 1515.273771
 51.26292 1517.401773
 51.280069 1519.722338
 51.297218 1522.196502
 51.314367 1524.760393
 51.331516 1527.325616
 51.348665 1529.782989
 51.365814 1532.009649
 51.382963 1533.878955
 51.400112 1535.272153
 51.417262 1536.0903
 51.434411 1536.26487
 51.45156 1535.765529
 51.468709 1534.603944
 51.485858 1532.833121
 51.503007 1530.54234
 51.520156 1527.848478
 51.537305 1524.884939
 51.554454 1521.789705
 51.571603 1518.694004
 51.588753 1515.712894
 51.605902 1512.938596
 51.623051 1510.436994
 51.6402 1508.247183
 51.657349 1506.383604
 51.674498 1504.840019
 51.691647 1503.592773
 51.708796 1502.613864
 51.725945 1501.862634
 51.743094 1501.300056
 51.760244 1500.888764
 51.777393 1500.595113
 51.794542 1500.390301
 51.811691 1500.250719
 51.82884 1500.157747
 51.845989 1500.097212
 51.863138 1500.058676
 51.880287 1500.034689
 51.897436 1500.020086
 51.914585 1500.0
 51.931735 1500.0
 51.948884 1500.0
 51.966033 1500.0
 51.983182 1500.0
 52.000331 1500.0
 52.01748 1500.0
 52.034629 1500.0
 52.051778 1500.0
 52.068927 1500.264838
 52.086076 1500.447368
 52.103226 1500.740334
 52.120375 1501.200245
 52.137524 1501.906294
 52.154673 1502.966114
 52.171822 1504.521296
 52.188971 1506.751721
 52.20612 1509.877386
 52.223269 1514.156139
 52.240418 1519.88522
 52.257567 1527.354754
 52.274717 1536.865574
 52.291866 1548.674034
 52.309015 1562.960023
 52.326164 1579.786175
 52.343313 1599.058273
 52.360462 1620.492719
 52.377611 1643.597255
 52.39476 1667.670759
 52.411909 1691.826135
 52.429058 1715.037523
 52.446208 1736.209752
 52.463357 1754.264008
 52.480506 1768.230638
 52.497655 1777.337968
 52.514804 1781.156617
 52.531953 1779.67674
 52.549102 1772.800492
 52.566251 1761.171214
 52.5834 1745.638509
 52.600549 1727.262006
 52.617699 1707.251868
 52.634848 1686.887343
 52.651997 1667.441935
 52.669146 1650.121735
 52.686295 1636.019789
 52.703444 1626.337269
 52.720593 1621.528905
 52.737742 1622.383234
 52.754891 1629.362045
 52.77204 1642.728781
 52.78919 1662.524616
 52.806339 1688.540769
 52.823488 1720.292722
 52.840637 1757.004387
 52.857786 1797.610636
 52.874935 1840.785068
 52.892084 1884.996386
 52.909233 1928.591796
 52.926382 1969.900591
 52.943531 2007.346569
 52.960681 2039.555261
 52.97783 2065.565172
 52.994979 2084.653603
 53.012128 2096.40432
 53.029277 2100.869288
 53.046426 2098.422244
 53.063575 2089.69782
 53.080724 2075.523466
 53.097873 2056.856508
 53.115022 2034.794488
 53.132172 2010.345595
 53.149321 1984.670765
 53.16647 1958.913457
 53.183619 1934.255152
 53.200768 1911.83604
 53.217917 1892.753958
 53.235066 1877.987558
 53.252215 1868.315598
 53.269364 1864.229605
 53.286513 1865.853759
 53.303663 1872.8873
 53.320812 1884.582953
 53.337961 1899.770691
 53.35511 1916.958004
 53.372259 1934.351154
 53.389408 1950.442417
 53.406557 1963.050613
 53.423706 1970.875904
 53.440855 1972.785812
 53.458004 1968.125897
 53.475154 1957.108147
 53.492303 1940.023128
 53.509452 1917.827284
 53.526601 1891.895227
 53.54375 1863.86994
 53.560899 1835.525336
 53.578048 1808.626442
 53.595197 1784.798695
 53.612346 1765.414717
 53.629495 1751.395924
 53.646645 1743.627276
 53.663794 1742.109691
 53.680943 1746.572963
 53.698092 1756.307982
 53.715241 1770.215397
 53.73239 1786.881609
 53.749539 1804.679508
 53.766688 1821.888581
 53.783837 1836.826231
 53.800986 1847.979221
 53.818136 1854.12278
 53.835285 1854.501784
 53.852434 1848.660589
 53.869583 1836.640582
 53.886732 1818.99196
 53.903881 1796.379237
 53.92103 1770.527343
 53.938179 1742.415899
 53.955328 1713.461085
