res data
0.22313316767341132
0.2232962390437918
0.2240410290349296
0.22435992705596502
0.2272195421378421
0.21260929570271142
0.22527561179854905
0.22396714302293214
0.22534848653734943
0.22611932626994027
0.1773767654888953
0.2269976562363254
0.21982687516629637
0.08928506795390351
0.18801695685811778
0.2288003453673859
0.22927368600425138
0.23098238109402247
0.2391209824644193
0.15366726612186848
0.10623482569351862
0.2347267413653958
0.2547114062716768
0.23192007530748548
0.23245813579988572
0.2444269062879768
0.11796367793965301
0.21580538637363159
0.32908770806478593
0.2117923134508049
0.22437481890751798
0.3434619388369629
0.23177929086114904
0.2049868179462084
0.24456842917445362
0.16778239476807136
0.25180580894170546
0.23361695913551403
0.266471413974861
0.2397920466915513
0.2703044430379465
0.24004492504033378
0.2671845957219973
0.24497499585997395
0.17057177557842693
0.26860997879733817
0.25826205856513856
0.20590632145568546
0.2808380173433647
0.15959517011452262
0.16507890000441147
peak data
 10.225123 3359.693082
 13.740689 2653.021656
 16.364501 1502.187553
 17.942218 2419.395338
 20.034409 4773.322721
 20.548882 2952.032728
 21.457784 11282.773821
 22.075151 10054.121665
 23.138396 2788.202563
 23.82436 4399.051313
 24.253087 2218.251609
 25.642164 7377.095039
 26.173786 5592.485467
 26.499619 2276.160958
 26.911198 2031.005471
 27.682907 3293.0981
 28.849046 2531.102876
 30.032334 4264.689242
 31.044131 9209.133847
 31.472858 2699.933816
 32.759041 2007.770977
 33.084874 2843.198076
 33.753689 4929.785913
 34.816933 3059.487589
 35.691537 4913.965232
 36.360352 2347.34933
 36.669036 1936.451136
 37.526491 1843.001677
 38.058113 3080.162758
 38.67548 2358.044377
 39.241401 1708.953065
Org data
 5.011797 1500.0
 5.028946 1500.0
 5.046095 1500.0
 5.063244 1500.0
 5.080393 1500.0
 5.097542 1500.0
 5.114692 1500.0
 5.131841 1500.0
 5.14899 1500.0
 5.166139 1500.0
 5.183288 1500.0
 5.200437 1500.0
 5.217586 1500.0
 5.234735 1500.0
 5.251884 1500.0
 5.269033 1500.0
 5.286182 1500.0
 5.303332 1500.0
 5.320481 1500.0
 5.33763 1500.0
 5.354779 1500.0
 5.371928 1500.0
 5.389077 1500.0
 5.406226 1500.0
 5.423375 1500.0
 5.440524 1500.0
 5.457674 1500.0
 5.474823 1500.0
 5.491972 1500.0
 5.509121 1500.0
 5.52627 1500.0
 5.543419 1500.0
 5.560568 1500.0
 5.577717 1500.0
 5.594866 1500.0
 5.612015 1500.0
 5.629164 1500.0
 5.646314 1500.0
 5.663463 1500.0
 5.680612 1500.0
 5.697761 1500.0
 5.71491 1500.0
 5.732059 1500.0
 5.749208 1500.0
 5.766357 1500.0
 5.783506 1500.0
 5.800656 1500.0
 5.817805 1500.0
 5.834954 1500.0
 5.852103 1500.0
 5.869252 1500.0
 5.886401 1500.0
 5.90355 1500.0
 5.920699 1500.0
 5.937848 1500.0
 5.954997 1500.0
 5.972147 1500.0
 5.989296 1500.0
 6.006445 1500.0
 6.023594 1500.0
 6.040743 1500.0
 6.057892 1500.0
 6.075041 1500.0
 6.09219 1500.0
 6.109339 1500.0
 6.126488 1500.0
 6.143638 1500.0
 6.160787 1500.0
 6.177936 1500.0
 6.195085 1500.0
 6.212234 1500.0
 6.229383 1500.0
 6.246532 1500.0
 6.263681 1500.0
 6.28083 1500.0
 6.297979 1500.0
 6.315129 1500.0
 6.332278 1500.0
 6.349427 1500.0
 6.366576 1500.0
 6.383725 1500.0
 6.400874 1500.0
 6.418023 1500.0
 6.435172 1500.0
 6.452321 1500.0
 6.46947 1500.0
 6.486619 1500.0
 6.503769 1500.0
 6.520918 1500.0
 6.538067 1500.0
 6.555216 1500.0
 6.572365 1500.0
 6.589514 1500.0
 6.606663 1500.0
 6.623812 1500.0
 6.640961 1500.0
 6.658111 1500.0
 6.67526 1500.0
 6.692409 1500.0
 6.709558 1500.0
 6.726707 1500.0
 6.743856 1500.0
 6.761005 1500.0
 6.778154 1500.0
 6.795303 1500.0
 6.812452 1500.0
 6.829601 1500.0
 6.846751 1500.0
 6.8639 1500.0
 6.881049 1500.0
 6.898198 1500.0
 6.915347 1500.0
 6.932496 1500.0
 6.949645 1500.0
 6.966794 1500.0
 6.983943 1500.0
 7.001093 1500.0
 7.018242 1500.0
 7.035391 1500.0
 7.05254 1500.0
 7.069689 1500.0
 7.086838 1500.0
 7.103987 1500.0
 7.121136 1500.0
 7.138285 1500.0
 7.155434 1500.0
 7.172584 1500.0
 7.189733 1500.0
 7.206882 1500.0
 7.224031 1500.0
 7.24118 1500.0
 7.258329 1500.0
 7.275478 1500.0
 7.292627 1500.0
 7.309776 1500.0
 7.326925 1500.0
 7.344074 1500.0
 7.361224 1500.0
 7.378373 1500.0
 7.395522 1500.0
 7.412671 1500.0
 7.42982 1500.0
 7.446969 1500.0
 7.464118 1500.0
 7.481267 1500.0
 7.498416 1500.0
 7.515566 1500.0
 7.532715 1500.0
 7.549864 1500.0
 7.567013 1500.0
 7.584162 1500.0
 7.601311 1500.0
 7.61846 1500.0
 7.635609 1500.0
 7.652758 1500.0
 7.669907 1500.0
 7.687057 1500.0
 7.704206 1500.0
 7.721355 1500.0
 7.738504 1500.0
 7.755653 1500.0
 7.772802 1500.0
 7.789951 1500.0
 7.8071 1500.0
 7.824249 1500.0
 7.841398 1500.0
 7.858548 1500.0
 7.875697 1500.0
 7.892846 1500.0
 7.909995 1500.0
 7.927144 1500.0
 7.944293 1500.0
 7.961442 1500.0
 7.978591 1500.0
 7.99574 1500.0
 8.012889 1500.0
 8.030038 1500.0
 8.047188 1500.0
 8.064337 1500.0
 8.081486 1500.0
 8.098635 1500.0
 8.115784 1500.0
 8.132933 1500.0
 8.150082 1500.0
 8.167231 1500.0
 8.18438 1500.0
 8.201529 1500.0
 8.218679 1500.0
 8.235828 1500.0
 8.252977 1500.0
 8.270126 1500.0
 8.287275 1500.0
 8.304424 1500.0
 8.321573 1500.0
 8.338722 1500.0
 8.355871 1500.0
 8.37302 1500.0
 8.39017 1500.0
 8.407319 1500.0
 8.424468 1500.0
 8.441617 1500.0
 8.458766 1500.0
 8.475915 1500.0
 8.493064 1500.0
 8.510213 1500.0
 8.527362 1500.0
 8.544512 1500.0
 8.561661 1500.0
 8.57881 1500.0
 8.595959 1500.0
 8.613108 1500.0
 8.630257 1500.0
 8.647406 1500.0
 8.664555 1500.0
 8.681704 1500.0
 8.698853 1500.0
 8.716003 1500.0
 8.733152 1500.0
 8.750301 1500.0
 8.76745 1500.0
 8.784599 1500.0
 8.801748 1500.0
 8.818897 1500.0
 8.836046 1500.0
 8.853195 1500.0
 8.870344 1500.0
 8.887493 1500.0
 8.904643 1500.0
 8.921792 1500.0
 8.938941 1500.0
 8.95609 1500.0
 8.973239 1500.0
 8.990388 1500.0
 9.007537 1500.0
 9.024686 1500.0
 9.041835 1500.0
 9.058985 1500.0
 9.076134 1500.0
 9.093283 1500.0
 9.110432 1500.0
 9.127581 1500.0
 9.14473 1500.0
 9.161879 1500.0
 9.179028 1500.0
 9.196177 1500.0
 9.213326 1500.0
 9.230476 1500.0
 9.247625 1500.0
 9.264774 1500.0
 9.281923 1500.0
 9.299072 1500.0
 9.316221 1500.0
 9.33337 1500.0
 9.350519 1500.0
 9.367668 1500.0
 9.384817 1500.0
 9.401967 1500.0
 9.419116 1500.0
 9.436265 1500.0
 9.453414 1500.0
 9.470563 1500.0
 9.487712 1500.0
 9.504861 1500.0
 9.52201 1500.0
 9.539159 1500.0
 9.556308 1500.0
 9.573458 1500.0
 9.590607 1500.0
 9.607756 1500.0
 9.624905 1500.0
 9.642054 1500.0
 9.659203 1500.0
 9.676352 1500.0
 9.693501 1500.0
 9.71065 1500.0
 9.727799 1500.0
 9.744948 1500.0
 9.762098 1500.0
 9.779247 1500.0
 9.796396 1500.0
 9.813545 1500.0
 9.830694 1500.0
 9.847843 1500.0
 9.864992 1500.925501
 9.882141 1501.848302
 9.89929 1503.571543
 9.916439 1506.677692
 9.933589 1512.080496
 9.950738 1521.146156
 9.967887 1535.815152
 9.985036 1558.693664
 10.002185 1593.069
 10.019334 1642.793554
 10.036483 1711.983578
 10.053632 1804.499209
 10.070781 1923.214669
 10.087931 2069.149148
 10.10508 2240.59801
 10.122229 2432.460104
 10.139378 2635.976661
 10.156527 2839.060323
 10.173676 3027.29386
 10.190825 3185.531622
 10.207974 3299.878163
 10.225123 3359.693082
 10.242272 3359.222899
 10.259422 3298.513379
 10.276571 3183.402194
 10.29372 3024.593534
 10.310869 2836.017612
 10.328018 2632.823209
 10.345167 2429.402458
 10.362316 2237.79735
 10.379465 2066.711235
 10.396614 1921.189795
 10.413763 1802.889995
 10.430913 1710.757418
 10.448062 1641.896417
 10.465211 1592.43796
 10.48236 1558.266553
 10.499509 1535.536778
 10.516658 1520.971341
 10.533807 1511.974667
 10.550956 1506.615907
 10.568105 1503.536744
 10.585254 1501.829388
 10.602404 1500.915578
 10.619553 1500.0
 10.636702 1500.0
 10.653851 1500.0
 10.671 1500.0
 10.688149 1500.0
 10.705298 1500.0
 10.722447 1500.0
 10.739596 1500.0
 10.756745 1500.0
 10.773895 1500.0
 10.791044 1500.0
 10.808193 1500.0
 10.825342 1500.0
 10.842491 1500.0
 10.85964 1500.0
 10.876789 1500.0
 10.893938 1500.0
 10.911087 1500.0
 10.928236 1500.0
 10.945386 1500.0
 10.962535 1500.0
 10.979684 1500.0
 10.996833 1500.0
 11.013982 1500.0
 11.031131 1500.0
 11.04828 1500.0
 11.065429 1500.0
 11.082578 1500.0
 11.099727 1500.0
 11.116877 1500.0
 11.134026 1500.0
 11.151175 1500.0
 11.168324 1500.0
 11.185473 1500.0
 11.202622 1500.0
 11.219771 1500.0
 11.23692 1500.0
 11.254069 1500.0
 11.271218 1500.0
 11.288368 1500.0
 11.305517 1500.0
 11.322666 1500.0
 11.339815 1500.0
 11.356964 1500.0
 11.374113 1500.0
 11.391262 1500.0
 11.408411 1500.0
 11.42556 1500.0
 11.442709 1500.0
 11.459858 1500.0
 11.477008 1500.0
 11.494157 1500.0
 11.511306 1500.0
 11.528455 1500.0
 11.545604 1500.0
 11.562753 1500.0
 11.579902 1500.0
 11.597051 1500.0
 11.6142 1500.0
 11.63135 1500.0
 11.648499 1500.0
 11.665648 1500.0
 11.682797 1500.0
 11.699946 1500.0
 11.717095 1500.0
 11.734244 1500.0
 11.751393 1500.0
 11.768542 1500.0
 11.785691 1500.0
 11.802841 1500.0
 11.81999 1500.0
 11.837139 1500.0
 11.854288 1500.0
 11.871437 1500.0
 11.888586 1500.0
 11.905735 1500.0
 11.922884 1500.0
 11.940033 1500.0
 11.957182 1500.0
 11.974332 1500.0
 11.991481 1500.0
 12.00863 1500.0
 12.025779 1500.0
 12.042928 1500.0
 12.060077 1500.0
 12.077226 1500.0
 12.094375 1500.0
 12.111524 1500.0
 12.128673 1500.0
 12.145823 1500.0
 12.162972 1500.0
 12.180121 1500.0
 12.19727 1500.0
 12.214419 1500.0
 12.231568 1500.0
 12.248717 1500.0
 12.265866 1500.0
 12.283015 1500.0
 12.300164 1500.0
 12.317314 1500.0
 12.334463 1500.0
 12.351612 1500.0
 12.368761 1500.0
 12.38591 1500.0
 12.403059 1500.0
 12.420208 1500.0
 12.437357 1500.0
 12.454506 1500.0
 12.471655 1500.0
 12.488805 1500.0
 12.505954 1500.0
 12.523103 1500.0
 12.540252 1500.0
 12.557401 1500.0
 12.57455 1500.0
 12.591699 1500.0
 12.608848 1500.0
 12.625997 1500.0
 12.643146 1500.0
 12.660296 1500.0
 12.677445 1500.0
 12.694594 1500.0
 12.711743 1500.0
 12.728892 1500.0
 12.746041 1500.0
 12.76319 1500.0
 12.780339 1500.0
 12.797488 1500.0
 12.814637 1500.0
 12.831787 1500.0
 12.848936 1500.0
 12.866085 1500.0
 12.883234 1500.0
 12.900383 1500.0
 12.917532 1500.0
 12.934681 1500.0
 12.95183 1500.0
 12.968979 1500.0
 12.986128 1500.0
 13.003277 1500.0
 13.020427 1500.0
 13.037576 1500.0
 13.054725 1500.0
 13.071874 1500.0
 13.089023 1500.0
 13.106172 1500.0
 13.123321 1500.0
 13.14047 1500.0
 13.157619 1500.0
 13.174768 1500.0
 13.191918 1500.0
 13.209067 1500.0
 13.226216 1500.0
 13.243365 1500.0
 13.260514 1500.0
 13.277663 1500.0
 13.294812 1500.0
 13.311961 1500.0
 13.32911 1500.0
 13.346259 1500.0
 13.363409 1500.487458
 13.380558 1500.979384
 13.397707 1501.904198
 13.414856 1503.582738
 13.432005 1506.523227
 13.449154 1511.493575
 13.466303 1519.597184
 13.483452 1532.335431
 13.500601 1551.631018
 13.517751 1579.77931
 13.5349 1619.29382
 13.552049 1672.621201
 13.569198 1741.723731
 13.586347 1827.56222
 13.603496 1929.554281
 13.620645 2045.120322
 13.637794 2169.448371
 13.654943 2295.595771
 13.672092 2414.995096
 13.689242 2518.34803
 13.706391 2596.793967
 13.72354 2643.155771
 13.740689 2653.021656
 13.757838 2625.437457
 13.774987 2563.058571
 13.792136 2471.728747
 13.809285 2359.577445
 13.826434 2235.829374
 13.843583 2109.566932
 13.860733 1988.672453
 13.877882 1879.111104
 13.895031 1784.621234
 13.91218 1706.785553
 13.929329 1645.386854
 13.946478 1598.919533
 13.963627 1565.131466
 13.980776 1541.50032
 13.997925 1525.589611
 14.015074 1515.269593
 14.032224 1508.817443
 14.049373 1504.9273
 14.066522 1502.664566
 14.083671 1501.394424
 14.10082 1500.706178
 14.117969 1500.0
 14.135118 1500.0
 14.152267 1500.0
 14.169416 1500.0
 14.186565 1500.0
 14.203715 1500.0
 14.220864 1500.0
 14.238013 1500.0
 14.255162 1500.0
 14.272311 1500.0
 14.28946 1500.0
 14.306609 1500.0
 14.323758 1500.0
 14.340907 1500.0
 14.358056 1500.0
 14.375206 1500.0
 14.392355 1500.0
 14.409504 1500.0
 14.426653 1500.0
 14.443802 1500.0
 14.460951 1500.0
 14.4781 1500.0
 14.495249 1500.0
 14.512398 1500.0
 14.529547 1500.0
 14.546696 1500.0
 14.563846 1500.0
 14.580995 1500.0
 14.598144 1500.0
 14.615293 1500.0
 14.632442 1500.0
 14.649591 1500.0
 14.66674 1500.0
 14.683889 1500.0
 14.701038 1500.0
 14.718187 1500.0
 14.735337 1500.0
 14.752486 1500.0
 14.769635 1500.0
 14.786784 1500.0
 14.803933 1500.0
 14.821082 1500.0
 14.838231 1500.0
 14.85538 1500.0
 14.872529 1500.0
 14.889678 1500.0
 14.906828 1500.0
 14.923977 1500.0
 14.941126 1500.0
 14.958275 1500.0
 14.975424 1500.0
 14.992573 1500.0
 15.009722 1500.0
 15.026871 1500.0
 15.04402 1500.0
 15.06117 1500.0
 15.078319 1500.0
 15.095468 1500.0
 15.112617 1500.0
 15.129766 1500.0
 15.146915 1500.0
 15.164064 1500.0
 15.181213 1500.0
 15.198362 1500.0
 15.215511 1500.0
 15.232661 1500.0
 15.24981 1500.0
 15.266959 1500.0
 15.284108 1500.0
 15.301257 1500.0
 15.318406 1500.0
 15.335555 1500.0
 15.352704 1500.0
 15.369853 1500.0
 15.387002 1500.0
 15.404152 1500.0
 15.421301 1500.0
 15.43845 1500.0
 15.455599 1500.0
 15.472748 1500.0
 15.489897 1500.0
 15.507046 1500.0
 15.524195 1500.0
 15.541344 1500.0
 15.558493 1500.0
 15.575643 1500.0
 15.592792 1500.0
 15.609941 1500.0
 15.62709 1500.0
 15.644239 1500.0
 15.661388 1500.0
 15.678537 1500.0
 15.695686 1500.0
 15.712835 1500.0
 15.729984 1500.0
 15.747134 1500.0
 15.764283 1500.0
 15.781432 1500.0
 15.798581 1500.0
 15.81573 1500.0
 15.832879 1500.0
 15.850028 1500.0
 15.867177 1500.0
 15.884326 1500.0
 15.901475 1500.0
 15.918625 1500.0
 15.935774 1500.0
 15.952923 1500.0
 15.970072 1500.0
 15.987221 1500.0
 16.00437 1500.001381
 16.021519 1500.002718
 16.038668 1500.005176
 16.055817 1500.009542
 16.072966 1500.017025
 16.090116 1500.029403
 16.107265 1500.049152
 16.124414 1500.07953
 16.141563 1500.124555
 16.158712 1500.188815
 16.175861 1500.277049
 16.19301 1500.393476
 16.210159 1500.540909
 16.227308 1500.719738
 16.244457 1500.926975
 16.261606 1501.155594
 16.278756 1501.394399
 16.295905 1501.628594
 16.313054 1501.841124
 16.330203 1502.014639
 16.347352 1502.13381
 16.364501 1502.187553
 16.38165 1502.170729
 16.398799 1502.084956
 16.415948 1501.93835
 16.433097 1501.744262
 16.450247 1501.51927
 16.467396 1501.280862
 16.484545 1501.045233
 16.501694 1500.825596
 16.518843 1500.631198
 16.535992 1500.467096
 16.553141 1500.334572
 16.57029 1500.231962
 16.587439 1500.155663
 16.604589 1500.10111
 16.621738 1500.063569
 16.638887 1500.038685
 16.656036 1500.022786
 16.673185 1500.012991
 16.690334 1500.007169
 16.707483 1500.003829
 16.724632 1500.00198
 16.741781 1500.000991
 16.75893 1500.0
 16.77608 1500.0
 16.793229 1500.0
 16.810378 1500.0
 16.827527 1500.0
 16.844676 1500.0
 16.861825 1500.0
 16.878974 1500.0
 16.896123 1500.0
 16.913272 1500.0
 16.930421 1500.0
 16.947571 1500.0
 16.96472 1500.0
 16.981869 1500.0
 16.999018 1500.0
 17.016167 1500.0
 17.033316 1500.0
 17.050465 1500.0
 17.067614 1500.0
 17.084763 1500.0
 17.101912 1500.0
 17.119062 1500.0
 17.136211 1500.0
 17.15336 1500.0
 17.170509 1500.0
 17.187658 1500.0
 17.204807 1500.0
 17.221956 1500.0
 17.239105 1500.0
 17.256254 1500.0
 17.273403 1500.0
 17.290553 1500.0
 17.307702 1500.0
 17.324851 1500.0
 17.342 1500.0
 17.359149 1500.0
 17.376298 1500.0
 17.393447 1500.0
 17.410596 1500.0
 17.427745 1500.0
 17.444894 1500.0
 17.462044 1500.0
 17.479193 1500.0
 17.496342 1500.0
 17.513491 1500.0
 17.53064 1500.0
 17.547789 1500.0
 17.564938 1500.0
 17.582087 1500.617397
 17.599236 1501.209867
 17.616385 1502.295108
 17.633535 1504.214639
 17.650684 1507.492204
 17.667833 1512.892906
 17.684982 1521.47752
 17.702131 1534.634546
 17.71928 1554.066336
 17.736429 1581.702707
 17.753578 1619.51928
 17.770727 1669.251091
 17.787876 1732.015446
 17.805025 1807.888993
 17.822175 1895.515192
 17.839324 1991.839931
 17.856473 2092.073865
 17.873622 2189.952704
 17.890771 2278.312284
 17.90792 2349.922651
 17.925069 2398.453533
 17.942218 2419.395338
 17.959367 2410.749981
 17.976516 2373.345195
 17.993666 2310.703856
 18.010815 2228.496981
 18.027964 2133.697639
 18.045113 2033.611057
 18.062262 1934.96621
 18.079411 1843.220874
 18.09656 1762.16749
 18.113709 1693.852055
 18.130858 1638.75474
 18.148008 1596.141409
 18.165157 1564.484852
 18.182306 1541.868637
 18.199455 1526.314983
 18.216604 1516.01031
 18.233753 1509.429267
 18.250902 1505.375722
 18.268051 1502.966713
 18.2852 1501.584868
 18.302349 1500.819574
 18.319499 1500.410261
 18.336648 1500.0
 18.353797 1500.0
 18.370946 1500.0
 18.388095 1500.0
 18.405244 1500.0
 18.422393 1500.0
 18.439542 1500.0
 18.456691 1500.0
 18.47384 1500.0
 18.49099 1500.0
 18.508139 1500.0
 18.525288 1500.0
 18.542437 1500.0
 18.559586 1500.0
 18.576735 1500.0
 18.593884 1500.0
 18.611033 1500.0
 18.628182 1500.0
 18.645331 1500.0
 18.662481 1500.0
 18.67963 1500.0
 18.696779 1500.0
 18.713928 1500.0
 18.731077 1500.0
 18.748226 1500.0
 18.765375 1500.0
 18.782524 1500.0
 18.799673 1500.0
 18.816822 1500.0
 18.833972 1500.0
 18.851121 1500.0
 18.86827 1500.0
 18.885419 1500.0
 18.902568 1500.0
 18.919717 1500.0
 18.936866 1500.0
 18.954015 1500.0
 18.971164 1500.0
 18.988313 1500.0
 19.005463 1500.0
 19.022612 1500.0
 19.039761 1500.0
 19.05691 1500.0
 19.074059 1500.0
 19.091208 1500.0
 19.108357 1500.0
 19.125506 1500.0
 19.142655 1500.0
 19.159804 1500.0
 19.176954 1500.0
 19.194103 1500.0
 19.211252 1500.0
 19.228401 1500.0
 19.24555 1500.0
 19.262699 1500.0
 19.279848 1500.0
 19.296997 1500.0
 19.314146 1500.0
 19.331295 1500.0
 19.348444 1500.0
 19.365594 1500.0
 19.382743 1500.0
 19.399892 1500.0
 19.417041 1500.0
 19.43419 1500.0
 19.451339 1500.0
 19.468488 1500.0
 19.485637 1500.0
 19.502786 1500.0
 19.519935 1500.0
 19.537085 1500.0
 19.554234 1500.0
 19.571383 1500.0
 19.588532 1500.0
 19.605681 1500.0
 19.62283 1500.0
 19.639979 1500.0
 19.657128 1501.478373
 19.674277 1503.564838
 19.691427 1506.783471
 19.708576 1512.502464
 19.725725 1522.319089
 19.742874 1538.592261
 19.760023 1564.635734
 19.777172 1604.857547
 19.794321 1664.773401
 19.81147 1750.807666
 19.828619 1869.799833
 19.845768 2028.166286
 19.862918 2230.732788
 19.880067 2479.346239
 19.897216 2771.479724
 19.914365 3099.130131
 19.931514 3448.340868
 19.948663 3799.631782
 19.965812 4129.476072
 19.982961 4412.747604
 20.00011 4625.821535
 20.017259 4749.810077
 20.034409 4773.322721
 20.051558 4694.1921
 20.068707 4519.803279
 20.085856 4265.95724
 20.103005 3954.510804
 20.120154 3610.280916
 20.137303 3257.81947
 20.154452 2918.630954
 20.171601 2609.246036
 20.18875 2341.448117
 20.2059 2118.963804
 20.223049 1942.71147
 20.240198 1809.658232
 20.257347 1714.875413
 20.274496 1652.910041
 20.291645 1618.854322
 20.308794 1609.029867
 20.325943 1621.272513
 20.343092 1654.847158
 20.360241 1710.045975
 20.377391 1787.539902
 20.39454 1887.57346
 20.411689 2008.724704
 20.428838 2148.514473
 20.445987 2301.803515
 20.463136 2459.777631
 20.480285 2612.31308
 20.497434 2748.063165
 20.514583 2855.808844
 20.531732 2925.975285
 20.548882 2952.032728
 20.566031 2931.498406
 20.58318 2866.326604
 20.600329 2762.601954
 20.617478 2629.60267
 20.634627 2478.43348
 20.651776 2320.506787
 20.668925 2166.157957
 20.686074 2023.618852
 20.703223 1898.46953
 20.720373 1793.57256
 20.737522 1709.399187
 20.754671 1644.601315
 20.77182 1596.673128
 20.788969 1562.571129
 20.806118 1539.208052
 20.823267 1523.785258
 20.840416 1513.96915
 20.857565 1507.942546
 20.874714 1504.371949
 20.891863 1502.329774
 20.909013 1501.201916
 20.926162 1500.600279
 20.943311 1500.0
 20.96046 1500.0
 20.977609 1500.0
 20.994758 1500.0
 21.011907 1500.0
 21.029056 1500.0
 21.046205 1500.0
 21.063354 1500.0
 21.080504 1504.350979
 21.097653 1508.670965
 21.114802 1516.730934
 21.131951 1531.257067
 21.1491 1556.539817
 21.166249 1599.024215
 21.183398 1667.923639
 21.200547 1775.719902
 21.217696 1938.3415
 21.234845 2174.757102
 21.251995 2505.714805
 21.269144 2951.43221
 21.286293 3528.220128
 21.303442 4244.300515
 21.320591 5095.408413
 21.33774 6061.066578
 21.354889 7102.576505
 21.372038 8163.675821
 21.389187 9174.428527
 21.406336 10058.264191
 21.423486 10741.321845
 21.440635 11162.566218
 21.457784 11282.773821
 21.474933 11090.556761
 21.492082 10604.140132
 21.509231 9868.51445
 21.52638 8948.573218
 21.543529 7919.688981
 21.560678 6857.62039
 21.577827 5829.599727
 21.594977 4887.990678
 21.612126 4067.17833
 21.629275 3383.605543
 21.646424 2838.27272
 21.663573 2420.705324
 21.680722 2113.364544
 21.697871 1900.149635
 21.71502 1755.991245
 21.732169 1666.375346
 21.749319 1618.795663
 21.766468 1605.64435
 21.783617 1624.45927
 21.800766 1677.903901
 21.817915 1773.541048
 21.835064 1919.605508
 21.852213 2140.882286
 21.869362 2447.998225
 21.886511 2858.08996
 21.90366 3384.260107
 21.92081 4031.885243
 21.937959 4794.864434
 21.955108 5652.608094
 21.972257 6568.666234
 21.989406 7491.771633
 22.006555 8359.699278
 22.023704 9105.759571
 22.040853 9667.087851
 22.058002 9993.337344
 22.075151 10054.121665
 22.092301 9843.682398
 22.10945 9381.787855
 22.126599 8710.671609
 22.143748 7888.663814
 22.160897 6981.848343
 22.178046 6055.394497
 22.195195 5166.116554
 22.212344 4357.374448
 22.229493 3656.790425
 22.246642 3076.623313
 22.263792 2616.159922
 22.280941 2265.248814
 22.29809 2008.107915
 22.315239 1826.727402
 22.332388 1703.465484
 22.349537 1622.70741
 22.366686 1571.667942
 22.383835 1540.53708
 22.400984 1522.205095
 22.418133 1511.779441
 22.435283 1506.051568
 22.452432 1500.0
 22.469581 1500.0
 22.48673 1500.0
 22.503879 1500.0
 22.521028 1500.0
 22.538177 1500.0
 22.555326 1500.0
 22.572475 1500.0
 22.589624 1500.0
 22.606773 1500.0
 22.623923 1500.0
 22.641072 1500.0
 22.658221 1500.0
 22.67537 1500.0
 22.692519 1500.0
 22.709668 1500.0
 22.726817 1500.0
 22.743966 1500.0
 22.761115 1500.0
 22.778264 1500.966099
 22.795414 1501.873106
 22.812563 1503.517465
 22.829712 1506.397695
 22.846861 1511.270519
 22.86401 1519.230519
 22.881159 1531.780802
 22.898308 1550.87044
 22.915457 1578.866577
 22.932606 1618.426081
 22.949755 1672.237857
 22.966905 1742.625669
 22.984054 1831.033339
 23.001203 1937.455185
 23.018352 2059.91509
 23.035501 2194.12468
 23.05265 2333.449769
 23.069799 2469.276952
 23.086948 2591.799143
 23.104097 2691.14289
 23.121246 2758.667632
 23.138396 2788.202563
 23.155545 2776.976694
 23.172694 2726.047361
 23.189843 2640.136195
 23.206992 2526.907083
 23.224141 2395.839503
 23.24129 2256.926251
 23.258439 2119.442325
 23.275588 1990.988993
 23.292738 1876.934403
 23.309887 1780.273815
 23.327036 1701.846634
 23.344185 1640.793378
 23.361334 1595.118316
 23.378483 1562.239588
 23.395632 1539.444758
 23.412781 1524.212034
 23.42993 1514.394347
 23.447079 1508.288399
 23.464229 1507.164532
 23.481378 1507.390775
 23.498527 1510.431661
 23.515676 1517.142357
 23.532825 1528.827688
 23.549974 1548.839346
 23.567123 1580.139965
 23.584272 1627.36371
 23.601421 1696.045711
 23.61857 1792.268417
 23.63572 1922.004349
 23.652869 2090.232852
 23.670018 2299.498791
 23.687167 2548.752503
 23.704316 2832.27553
 23.721465 3139.025475
 23.738614 3452.776421
 23.755763 3753.194852
 23.772912 4017.842059
 23.790061 4224.868256
 23.807211 4355.969196
 23.82436 4399.051313
 23.841509 4350.073041
 23.858658 4213.668721
 23.875807 4002.427037
 23.892956 3735.603304
 23.910105 3434.482059
 23.927254 3121.920335
 23.944403 2818.303152
 23.961552 2539.966079
 23.978702 2298.234853
 23.995851 2099.382586
 24.013 1945.307935
 24.030149 1834.632178
 24.047298 1763.896415
 24.064447 1728.596825
 24.081596 1723.896016
 24.098745 1744.962837
 24.115894 1786.992925
 24.133043 1845.032119
 24.150192 1913.755945
 24.167342 1987.339005
 24.184491 2059.538286
 24.20164 2122.798677
 24.218789 2174.347214
 24.235938 2207.172958
 24.253087 2218.251609
 24.270236 2206.54387
 24.287385 2173.155887
 24.304534 2121.167294
 24.321683 2055.162508
 24.338833 1980.565388
 24.355982 1902.909639
 24.373131 1827.180655
 24.39028 1757.332238
 24.407429 1696.032996
 24.424578 1644.641941
 24.441727 1603.369159
 24.458876 1571.551866
 24.476025 1547.971754
 24.493174 1531.152029
 24.510324 1519.594061
 24.527473 1511.937167
 24.544622 1507.043977
 24.561771 1504.026018
 24.57892 1502.228823
 24.596069 1501.19514
 24.613218 1500.620734
 24.630367 1500.0
 24.647516 1500.0
 24.664665 1500.0
 24.681815 1500.0
 24.698964 1500.0
 24.716113 1500.0
 24.733262 1500.0
 24.750411 1500.0
 24.76756 1500.0
 24.784709 1500.0
 24.801858 1500.0
 24.819007 1500.0
 24.836157 1500.0
 24.853306 1500.0
 24.870455 1500.0
 24.887604 1500.0
 24.904753 1500.0
 24.921902 1500.0
 24.939051 1500.0
 24.9562 1500.0
 24.973349 1500.0
 24.990498 1500.0
 25.007648 1500.0
 25.024797 1500.0
 25.041946 1500.0
 25.059095 1500.0
 25.076244 1500.0
 25.093393 1500.0
 25.110542 1500.0
 25.127691 1500.0
 25.14484 1500.0
 25.161989 1500.0
 25.179139 1500.0
 25.196288 1500.0
 25.213437 1500.0
 25.230586 1500.0
 25.247735 1500.0
 25.264884 1500.0
 25.282033 1505.002808
 25.299182 1509.617052
 25.316331 1517.910561
 25.33348 1532.315819
 25.35063 1556.48843
 25.367779 1595.662511
 25.384928 1656.950085
 25.402077 1749.470005
 25.419226 1884.159555
 25.436375 2073.11389
 25.453524 2328.334324
 25.470673 2659.859077
 25.487822 3073.399511
 25.504971 3567.789721
 25.522121 4132.731727
 25.53927 4747.423906
 25.556419 5380.634695
 25.573568 5992.593402
 25.590717 6538.73118
 25.607866 6974.873993
 25.625015 7263.084217
 25.642164 7377.095039
 25.659313 7306.258605
 25.676462 7057.184705
 25.693611 6652.724703
 25.710761 6128.513528
 25.72791 5527.794807
 25.745059 4895.572586
 25.762208 4273.17467
 25.779357 3694.110412
 25.796506 3184.486663
 25.813655 2754.0783
 25.830804 2408.300838
 25.847953 2144.264429
 25.865102 1954.906329
 25.882252 1831.681873
 25.899401 1766.798406
 25.91655 1754.758393
 25.933699 1793.113911
 25.950848 1882.428825
 25.967997 2025.505615
 25.985146 2225.982779
 26.002295 2486.468519
 26.019444 2806.456296
 26.036593 3178.909413
 26.053743 3595.349693
 26.070892 4033.978522
 26.088041 4469.385999
 26.10519 4871.691292
 26.122339 5209.765545
 26.139488 5455.776349
 26.156637 5587.191956
 26.173786 5592.485467
 26.190935 5471.56829
 26.208084 5236.210506
 26.225234 4908.368221
 26.242383 4517.086352
 26.259532 4094.603759
 26.276681 3672.392697
 26.29383 3277.793456
 26.310979 2931.691672
 26.328128 2647.406107
 26.345277 2430.694851
 26.362426 2280.608743
 26.379576 2190.850922
 26.396725 2151.330816
 26.413874 2149.690241
 26.431023 2172.682072
 26.448172 2207.360897
 26.465321 2242.081998
 26.48247 2267.302914
 26.499619 2276.160958
 26.516768 2264.782925
 26.533917 2232.286832
 26.551067 2179.488069
 26.568216 2113.394755
 26.585365 2037.005613
 26.602514 1956.370635
 26.619663 1877.257593
 26.636812 1804.625865
 26.653961 1742.31995
 26.67111 1692.987874
 26.688259 1658.177996
 26.705408 1638.535059
 26.722558 1634.008867
 26.739707 1644.0053
 26.756856 1667.442541
 26.774005 1702.715736
 26.791154 1747.609968
 26.808303 1799.225309
 26.825452 1853.982546
 26.842601 1907.761988
 26.85975 1956.194181
 26.876899 1995.078612
 26.894049 2020.649804
 26.911198 2031.005471
 26.928347 2024.749305
 26.945496 2002.463076
 26.962645 1966.182194
 26.979794 1919.089004
 26.996943 1865.052797
 27.014092 1808.10852
 27.031241 1751.970724
 27.04839 1699.661591
 27.06554 1653.298096
 27.082689 1614.045055
 27.099838 1582.207845
 27.116987 1557.417835
 27.134136 1538.857665
 27.151285 1525.480181
 27.168434 1516.18914
 27.185583 1509.966439
 27.202732 1505.944984
 27.219881 1503.436017
 27.23703 1501.924214
 27.25418 1501.044104
 27.271329 1500.548942
 27.288478 1500.279641
 27.305627 1501.225662
 27.322776 1502.371584
 27.339925 1504.447392
 27.357074 1508.082987
 27.374223 1514.237647
 27.391372 1524.305504
 27.408521 1540.213453
 27.425671 1564.482023
 27.44282 1600.208992
 27.459969 1650.930029
 27.477118 1720.315837
 27.494267 1811.685789
 27.511416 1927.355841
 27.528565 2067.889383
 27.545714 2231.373794
 27.562863 2412.88621
 27.580012 2604.321567
 27.597162 2794.720872
 27.614311 2971.155013
 27.63146 3120.10218
 27.648609 3229.131543
 27.665758 3288.608396
 27.682907 3293.0981
 27.700056 3242.185153
 27.717205 3140.536616
 27.734354 2997.196458
 27.751503 2824.258497
 27.768653 2635.187766
 27.785802 2443.112349
 27.802951 2259.381073
 27.8201 2092.592985
 27.837249 1948.180987
 27.854398 1828.511295
 27.871547 1733.371003
 27.888696 1660.673004
 27.905845 1607.210692
 27.922995 1569.331749
 27.940144 1543.4535
 27.957293 1526.394633
 27.974442 1515.538331
 27.991591 1508.865244
 28.00874 1504.90201
 28.025889 1502.626967
 28.043038 1501.364367
 28.060187 1500.0
 28.077336 1500.0
 28.094486 1500.0
 28.111635 1500.0
 28.128784 1500.0
 28.145933 1500.0
 28.163082 1500.0
 28.180231 1500.0
 28.19738 1500.0
 28.214529 1500.0
 28.231678 1500.0
 28.248827 1500.0
 28.265977 1500.0
 28.283126 1500.0
 28.300275 1500.0
 28.317424 1500.0
 28.334573 1500.0
 28.351722 1500.0
 28.368871 1500.0
 28.38602 1500.0
 28.403169 1500.0
 28.420318 1500.0
 28.437468 1500.0
 28.454617 1500.0
 28.471766 1500.706596
 28.488915 1501.364895
 28.506064 1502.555598
 28.523213 1504.638216
 28.540362 1508.159715
 28.557511 1513.914409
 28.57466 1522.999612
 28.591809 1536.850423
 28.608959 1557.230936
 28.626108 1586.156049
 28.643257 1625.720886
 28.660406 1677.826286
 28.677555 1743.809962
 28.694704 1824.021632
 28.711853 1917.410833
 28.729002 2021.219482
 28.746151 2130.877172
 28.7633 2240.178125
 28.78045 2341.772926
 28.797599 2427.942215
 28.814748 2491.548878
 28.831897 2527.009598
 28.849046 2531.102876
 28.866195 2503.451839
 28.883344 2446.58148
 28.900493 2365.538286
 28.917642 2267.151697
 28.934791 2159.087039
 28.95194 2048.871474
 28.96909 1943.062251
 28.986239 1846.676862
 29.003388 1762.936438
 29.020537 1693.30464
 29.037686 1637.752386
 29.054835 1595.152693
 29.071984 1563.710042
 29.089133 1541.348454
 29.106282 1526.012071
 29.123431 1515.861878
 29.140581 1509.375576
 29.15773 1505.371612
 29.174879 1502.983145
 29.192028 1501.605857
 29.209177 1500.837918
 29.226326 1500.0
 29.243475 1500.0
 29.260624 1500.0
 29.277773 1500.0
 29.294922 1500.0
 29.312072 1500.0
 29.329221 1500.0
 29.34637 1500.0
 29.363519 1500.0
 29.380668 1500.0
 29.397817 1500.0
 29.414966 1500.0
 29.432115 1500.0
 29.449264 1500.0
 29.466414 1500.0
 29.483563 1500.0
 29.500712 1500.0
 29.517861 1500.03528
 29.53501 1500.06705
 29.552159 1500.123526
 29.569308 1500.220603
 29.586457 1500.381908
 29.603606 1500.640915
 29.620755 1501.042641
 29.637905 1501.644229
 29.655054 1502.513518
 29.672203 1506.217715
 29.689352 1510.097772
 29.706501 1516.214129
 29.72365 1525.74039
 29.740799 1540.368654
 29.757948 1562.454002
 29.775097 1595.137303
 29.792246 1642.398819
 29.809396 1708.980243
 29.826545 1800.107982
 29.843694 1920.964011
 29.860843 2075.888691
 29.877992 2267.363153
 29.895141 2494.898218
 29.91229 2754.034218
 29.929439 3035.704692
 29.946588 3326.211725
 29.963737 3607.985527
 29.980887 3861.157774
 29.998036 4065.796379
 30.015185 4204.46982
 30.032334 4264.689242
 30.049483 4240.756005
 30.066632 4134.636349
 30.083781 3955.680329
 30.10093 3719.241884
 30.118079 3444.485046
 30.135228 3151.812752
 30.152378 2860.394888
 30.169527 2586.202758
 30.186676 2340.802186
 30.203825 2130.972171
 30.220974 1959.047179
 30.238123 1823.767388
 30.255272 1721.378757
 30.272421 1646.73462
 30.28957 1594.296171
 30.306719 1558.745909
 30.323869 1535.479962
 30.341018 1520.773535
 30.358167 1511.791234
 30.375316 1506.488278
 30.392465 1503.461152
 30.409614 1501.789917
 30.426763 1500.0
 30.443912 1500.0
 30.461061 1500.0
 30.47821 1500.0
 30.495359 1500.0
 30.512509 1500.0
 30.529658 1500.0
 30.546807 1500.0
 30.563956 1500.0
 30.581105 1500.0
 30.598254 1500.0
 30.615403 1500.0
 30.632552 1500.0
 30.649701 1500.0
 30.66685 1505.237106
 30.684 1510.05688
 30.701149 1518.725595
 30.718298 1533.807163
 30.735447 1559.181077
 30.752596 1600.451929
 30.769745 1665.913503
 30.786894 1764.955487
 30.804043 1910.326039
 30.821192 2116.258652
 30.838341 2397.615011
 30.855491 2768.027248
 30.87264 3237.401931
 30.889789 3809.039208
 30.906938 4476.820474
 30.924087 5223.070568
 30.941236 6017.738441
 30.958385 6819.418877
 30.975534 7578.440596
 30.992683 8241.827731
 31.009832 8759.486448
 31.026982 9090.60846
 31.044131 9209.133847
 31.06128 9107.231645
 31.078429 8796.135279
 31.095578 8304.214245
 31.112727 7673.8541
 31.129876 6952.244772
 31.147025 6189.868821
 31.164174 5432.570762
 31.181324 4718.255295
 31.198473 4074.797895
 31.215622 3519.694915
 31.232771 3061.090557
 31.24992 2699.647141
 31.267069 2430.70753
 31.284218 2246.294056
 31.301367 2136.652113
 31.318516 2091.224497
 31.335665 2099.099363
 31.352815 2149.085775
 31.369964 2229.626385
 31.387113 2328.757846
 31.404262 2434.281072
 31.421411 2530.962493
 31.43856 2615.940906
 31.455709 2674.306339
 31.472858 2699.933816
 31.490007 2689.843008
 31.507156 2644.525091
 31.524306 2567.414769
 31.541455 2465.893708
 31.558604 2347.509252
 31.575753 2221.072699
 31.592902 2094.885862
 31.610051 1975.892311
 31.6272 1869.151515
 31.644349 1777.665546
 31.661498 1702.516847
 31.678647 1643.226226
 31.695797 1598.221507
 31.712946 1565.315114
 31.730095 1542.115717
 31.747244 1526.332888
 31.764393 1515.965294
 31.781542 1509.385984
 31.798691 1505.350661
 31.81584 1502.957741
 31.832989 1501.585398
 31.850138 1500.824028
 31.867288 1500.0
 31.884437 1500.0
 31.901586 1500.0
 31.918735 1500.0
 31.935884 1500.0
 31.953033 1500.0
 31.970182 1500.0
 31.987331 1500.0
 32.00448 1500.0
 32.021629 1500.0
 32.038778 1500.0
 32.055928 1500.0
 32.073077 1500.0
 32.090226 1500.0
 32.107375 1500.0
 32.124524 1500.0
 32.141673 1500.0
 32.158822 1500.0
 32.175971 1500.0
 32.19312 1500.0
 32.21027 1500.0
 32.227419 1500.0
 32.244568 1500.0
 32.261717 1500.0
 32.278866 1500.0
 32.296015 1500.0
 32.313164 1500.0
 32.330313 1500.0
 32.347462 1500.0
 32.364611 1500.0
 32.38176 1500.0
 32.39891 1500.505425
 32.416059 1500.953679
 32.433208 1501.745206
 32.450357 1503.09735
 32.467506 1505.3313
 32.484655 1508.899697
 32.501804 1514.408428
 32.518953 1522.62337
 32.536102 1534.450639
 32.553252 1550.878768
 32.570401 1572.874427
 32.58755 1601.23087
 32.604699 1636.379779
 32.621848 1678.191148
 32.638997 1725.798646
 32.656146 1777.495216
 32.673295 1830.741374
 32.690444 1882.31407
 32.707593 1928.598476
 32.724743 1967.538184
 32.741892 1994.26697
 32.759041 2007.770977
 32.77619 2007.683977
 32.793339 1995.308971
 32.810488 1973.635388
 32.827637 1947.142971
 32.844786 1921.416571
 32.861935 1902.622852
 32.879084 1896.887527
 32.896234 1909.611691
 32.913383 1944.848261
 32.930532 2004.700783
 32.947681 2088.847823
 32.96483 2194.25444
 32.981979 2315.147455
 32.999128 2443.321278
 33.016277 2568.804045
 33.033426 2680.853638
 33.050575 2769.177831
 33.067725 2825.205611
 33.084874 2843.198076
 33.102023 2820.99619
 33.119172 2760.2599
 33.136321 2666.152995
 33.15347 2546.357543
 33.170619 2410.744265
 33.187768 2268.729911
 33.204917 2129.23545
 33.222066 1999.477167
 33.239216 1884.487429
 33.256365 1787.02094
 33.273514 1707.783408
 33.290663 1645.872965
 33.307812 1600.367711
 33.324961 1567.561641
 33.34211 1545.630928
 33.359259 1532.549602
 33.376408 1526.867632
 33.393557 1527.841508
 33.410707 1538.653795
 33.427856 1556.438262
 33.445005 1585.007379
 33.462154 1626.601842
 33.479303 1686.94725
 33.496452 1768.927624
 33.513601 1877.045525
 33.53075 2015.466917
 33.547899 2187.475576
 33.565048 2394.851361
 33.582197 2637.230061
 33.599347 2911.520889
 33.616496 3211.471384
 33.633645 3527.47563
 33.650794 3846.716759
 33.667943 4153.714552
 33.685092 4431.308495
 33.702241 4662.043317
 33.71939 4829.846951
 33.736539 4921.806096
 33.753689 4929.785913
 33.770838 4851.613944
 33.787987 4691.593184
 33.805136 4460.200847
 33.822285 4172.981011
 33.839434 3848.785991
 33.856583 3507.655599
 33.873732 3168.680758
 33.890881 2848.189987
 33.90803 2558.506438
 33.925179 2307.394859
 33.942329 2098.174436
 33.959478 1930.359247
 33.976627 1800.621115
 33.993776 1703.857554
 34.010925 1634.182613
 34.028074 1585.719378
 34.045223 1553.141446
 34.062372 1531.503753
 34.079521 1518.430269
 34.096671 1510.457607
 34.11382 1505.75526
 34.130969 1503.072064
 34.148118 1500.0
 34.165267 1500.0
 34.182416 1500.0
 34.199565 1500.0
 34.216714 1500.0
 34.233863 1500.0
 34.251012 1500.0
 34.268162 1500.0
 34.285311 1500.0
 34.30246 1500.0
 34.319609 1500.0
 34.336758 1500.0
 34.353907 1500.0
 34.371056 1500.0
 34.388205 1500.0
 34.405354 1500.0
 34.422503 1500.001441
 34.439653 1501.249531
 34.456802 1502.374235
 34.473951 1504.376759
 34.4911 1507.827694
 34.508249 1513.582122
 34.525398 1522.86411
 34.542547 1537.341698
 34.559696 1559.168034
 34.576845 1590.956497
 34.593994 1635.654441
 34.611144 1696.285478
 34.628293 1775.547412
 34.645442 1875.282788
 34.662591 1995.878433
 34.67974 2135.691159
 34.696889 2290.62685
 34.714038 2454.006791
 34.731187 2616.82712
 34.748336 2768.454944
 34.765485 2897.715457
 34.782635 2994.228907
 34.799784 3049.780279
 34.816933 3059.487589
 34.834082 3022.467314
 34.851231 2942.022731
 34.86838 2825.126984
 34.885529 2681.436372
 34.902678 2521.980316
 34.919827 2357.782213
 34.936976 2198.64728
 34.954126 2052.293648
 34.971275 1923.911947
 34.988424 1816.144207
 35.005573 1729.397671
 35.022722 1662.367314
 35.039871 1612.633954
 35.05702 1577.227483
 35.074169 1553.082742
 35.091318 1537.356758
 35.108467 1527.610193
 35.125617 1521.877606
 35.142766 1518.660233
 35.159915 1516.873936
 35.177064 1515.777629
 35.194213 1514.057689
 35.211362 1513.555528
 35.228511 1512.682389
 35.24566 1511.512465
 35.262809 1510.139548
 35.279958 1508.664678
 35.297108 1507.184064
 35.314257 1505.779261
 35.331406 1508.588894
 35.348555 1511.015444
 35.365704 1516.250181
 35.382853 1525.893674
 35.400002 1542.266078
 35.417151 1568.588897
 35.4343 1609.115308
 35.451449 1669.144578
 35.468598 1754.844613
 35.485748 1872.810107
 35.502897 2029.310784
 35.520046 2229.238083
 35.537195 2474.837981
 35.554344 2764.407344
 35.571493 3091.203359
 35.588642 3442.897281
 35.605791 3801.731902
 35.62294 4145.693287
 35.64009 4450.551963
 35.657239 4692.60438
 35.674388 4851.691584
 35.691537 4913.965232
 35.708686 4873.876512
 35.725835 4734.991943
 35.742984 4509.469777
 35.760133 4216.303559
 35.777282 3878.684861
 35.794431 3520.991256
 35.811581 3165.940624
 35.82873 2832.357218
 35.845879 2533.823458
 35.863028 2278.278487
 35.880177 2068.440388
 35.897326 1902.804518
 35.914475 1776.924517
 35.931624 1684.707354
 35.948773 1619.525533
 35.965922 1575.468739
 35.983072 1546.535743
 36.000221 1528.56649
 36.01737 1518.321849
 36.034519 1513.62873
 36.051668 1513.252754
 36.068817 1516.758556
 36.085966 1523.143592
 36.103115 1536.283272
 36.120264 1555.202867
 36.137413 1581.507308
 36.154563 1616.791548
 36.171712 1662.407627
 36.188861 1719.170328
 36.20601 1787.036809
 36.223159 1864.816166
 36.240308 1949.978054
 36.257457 2038.628695
 36.274606 2125.703573
 36.291755 2205.663383
 36.308904 2272.2635
 36.326054 2320.36948
 36.343203 2346.05878
 36.360352 2347.34933
 36.377501 2324.538437
 36.39465 2280.224291
 36.411799 2219.004488
 36.428948 2146.907047
 36.446097 2070.655685
 36.463246 1996.890991
 36.480395 1931.461915
 36.497545 1878.87335
 36.514694 1841.93638
 36.531843 1821.63056
 36.548992 1817.160411
 36.566141 1826.173969
 36.58329 1845.106994
 36.600439 1869.616642
 36.617588 1895.067461
 36.634737 1917.028359
 36.651886 1931.732778
 36.669036 1936.451136
 36.686185 1929.728652
 36.703334 1911.456388
 36.720483 1882.768253
 36.737632 1845.785026
 36.754781 1803.037914
 36.77193 1758.037029
 36.789079 1713.216877
 36.806228 1670.970783
 36.823377 1633.038698
 36.840527 1600.461784
 36.857676 1573.622742
 36.874825 1552.367933
 36.891974 1536.165612
 36.909123 1524.268048
 36.926272 1515.852356
 36.943421 1510.125902
 36.96057 1506.392489
 36.977719 1504.083274
 36.994868 1502.760694
 37.012018 1502.104935
 37.029167 1501.891593
 37.046316 1501.967095
 37.063465 1502.226236
 37.080614 1502.510348
 37.097763 1502.972986
 37.114912 1503.417117
 37.132061 1503.991348
 37.14921 1504.470931
 37.166359 1504.976417
 37.183509 1505.608024
 37.200658 1506.460321
 37.217807 1507.758235
 37.234956 1509.804985
 37.252105 1513.008721
 37.269254 1517.883903
 37.286403 1525.036518
 37.303552 1535.126915
 37.320701 1548.805712
 37.33785 1566.622106
 37.355 1588.910206
 37.372149 1615.666656
 37.389298 1646.440291
 37.406447 1680.259348
 37.423596 1715.62151
 37.440745 1750.565142
 37.457894 1782.82673
 37.475043 1810.071927
 37.492192 1830.169537
 37.509341 1841.464532
 37.526491 1843.001677
 37.54364 1834.65762
 37.560789 1817.156149
 37.577938 1791.963838
 37.595087 1761.085946
 37.612236 1726.80731
 37.629385 1691.410029
 37.646534 1656.936526
 37.663683 1625.931702
 37.680832 1598.509381
 37.697982 1576.012953
 37.715131 1559.01917
 37.73228 1547.972
 37.749429 1543.375236
 37.766578 1545.978537
 37.783727 1556.923505
 37.800876 1577.816767
 37.818025 1610.698945
 37.835174 1657.884354
 37.852323 1722.132871
 37.869473 1804.747744
 37.886622 1906.943866
 37.903771 2028.237828
 37.92092 2166.185926
 37.938069 2316.488905
 37.955218 2472.489328
 37.972367 2626.142277
 37.989516 2768.547856
 38.006665 2891.101894
 38.023814 2986.59636
 38.040964 3050.212097
 38.058113 3080.162758
 38.075262 3077.840506
 38.092411 3047.420437
 38.10956 2995.000885
 38.126709 2927.464949
 38.143858 2851.310677
 38.161007 2771.69598
 38.178156 2691.882785
 38.195305 2613.159072
 38.212455 2535.198433
 38.229604 2456.718853
 38.246753 2376.247162
 38.263902 2292.794985
 38.281051 2206.576751
 38.2982 2118.302797
 38.315349 2030.36607
 38.332498 1945.138464
 38.349647 1865.642856
 38.366796 1794.617457
 38.383946 1734.364577
 38.401095 1686.626975
 38.418244 1652.604211
 38.435393 1633.062246
 38.452542 1628.141434
 38.469691 1638.936131
 38.48684 1664.940857
 38.503989 1705.97707
 38.521138 1761.350921
 38.538287 1829.608742
 38.555437 1908.306007
 38.572586 1993.870177
 38.589735 2081.628779
 38.606884 2166.046049
 38.624033 2241.16878
 38.641182 2301.085541
 38.658331 2341.267667
 38.67548 2358.044377
 38.692629 2349.973198
 38.709778 2317.749097
 38.726928 2264.105683
 38.744077 2193.432516
 38.761226 2111.182639
 38.778375 2023.181272
 38.795524 1934.95648
 38.812673 1851.196063
 38.829822 1775.398256
 38.846971 1709.738257
 38.86412 1655.252391
 38.881269 1611.666512
 38.898419 1578.170214
 38.915568 1553.447224
 38.932717 1536.018457
 38.949866 1524.463268
 38.967015 1517.569357
 38.984164 1514.413558
 39.001313 1514.383798
 39.018462 1517.155145
 39.035611 1522.631906
 39.05276 1530.865527
 39.06991 1541.790881
 39.087059 1555.866869
 39.104208 1572.621238
 39.121357 1591.87758
 39.138506 1612.865887
 39.155655 1634.624284
 39.172804 1655.916453
 39.189953 1675.334975
 39.207102 1691.449153
 39.224251 1702.976989
 39.241401 1708.953065
 39.25855 1708.86198
 39.275699 1702.711699
 39.292848 1691.032401
 39.309997 1674.801064
 39.327146 1655.306593
 39.344295 1633.981372
 39.361444 1612.229637
 39.378593 1591.280744
 39.395742 1572.087355
 39.412892 1555.277338
 39.430041 1541.156933
 39.44719 1529.754078
 39.464339 1520.886097
 39.481488 1514.235575
 39.498637 1509.421051
 39.515786 1506.053826
 39.532935 1503.777167
 39.550084 1502.288273
 39.567233 1501.346029
 39.584383 1500.768785
 39.601532 1500.426343
 39.618681 1500.229571
 39.63583 1500.120027
 39.652979 1500.0
 39.670128 1500.0
 39.687277 1500.0
 39.704426 1500.0
 39.721575 1500.0
 39.738724 1500.0
 39.755874 1500.0
 39.773023 1500.0
 39.790172 1500.0
 39.807321 1500.0
 39.82447 1500.0
 39.841619 1500.0
 39.858768 1500.0
 39.875917 1500.0
 39.893066 1500.0
 39.910215 1500.0
 39.927365 1500.000013
 39.944514 1500.000024
 39.961663 1500.000046
 39.978812 1500.000083
 39.995961 1500.000146
 40.01311 1500.000249
 40.030259 1500.000413
 40.047408 1500.000666
 40.064557 1500.092131
 40.081706 1500.17791
 40.098856 1500.333746
 40.116005 1501.625265
 40.133154 1502.996137
 40.150303 1505.369049
 40.167452 1509.352213
 40.184601 1515.83429
 40.20175 1526.057768
 40.218899 1541.679122
 40.236048 1564.793525
 40.253197 1597.896194
 40.270347 1643.750982
 40.287496 1705.142897
 40.304645 1784.973045
 40.321794 1884.328467
 40.338943 2003.828122
 40.356092 2142.128906
 40.373241 2295.653465
 40.39039 2458.66151
 40.407539 2623.494004
 40.424688 2781.146182
 40.441838 2922.232702
 40.458987 3038.130819
 40.476136 3122.129683
 40.493285 3170.366905
 40.510434 3182.356476
 40.527583 3160.983885
 40.544732 3111.953355
 40.561881 3042.788527
 40.57903 2961.585211
 40.596179 2875.765188
 40.613329 2791.071398
 40.630478 2710.980443
 40.647627 2636.607264
 40.664776 2567.064927
 40.681925 2500.150485
 40.699074 2433.173736
 40.716223 2363.740457
 40.733372 2290.339299
 40.750521 2212.64635
 40.76767 2131.535788
 40.78482 2048.847401
 40.801969 1967.002223
 40.819118 1888.569514
 40.836267 1815.876289
 40.853416 1750.63688
 40.870565 1694.181561
 40.887714 1646.776359
 40.904863 1607.886105
 40.922012 1577.654532
 40.939161 1554.489336
 40.956311 1537.272824
 40.97346 1524.853664
 40.990609 1516.15386
 41.007758 1510.233176
 41.024907 1506.317488
 41.042056 1503.800338
 41.059205 1502.227315
 41.076354 1501.271616
 41.093503 1500.572627
 41.110652 1500.317213
 41.127802 1500.170718
 41.144951 1500.057064
 41.1621 1500.0
 41.179249 1500.0
 41.196398 1500.0
 41.213547 1500.0
 41.230696 1500.0
 41.247845 1500.0
 41.264994 1500.0
 41.282143 1500.0
 41.299293 1500.0
 41.316442 1500.0
 41.333591 1500.0
 41.35074 1500.0
 41.367889 1500.0
 41.385038 1500.0
 41.402187 1500.0
 41.419336 1500.001704
 41.436485 1500.003203
 41.453634 1500.005848
 41.470784 1500.010372
 41.487933 1500.01787
 41.505082 1500.029906
 41.522231 1500.048619
 41.53938 1500.07678
 41.556529 1500.117783
 41.573678 1500.175512
 41.590827 1500.254056
 41.607976 1500.357227
 41.625125 1500.487926
 41.642275 1500.647377
 41.659424 1501.20126
 41.676573 1501.741924
 41.693722 1502.557927
 41.710871 1503.810266
 41.72802 1505.746617
 41.745169 1508.732421
 41.762318 1513.282399
 41.779467 1520.085597
 41.796616 1530.013984
 41.813766 1544.102496
 41.830915 1563.488277
 41.848064 1589.300202
 41.865213 1622.497151
 41.882362 1663.665048
 41.899511 1712.796573
 41.91666 1769.090805
 41.933809 1830.818579
 41.950958 1895.29897
 41.968107 1959.020442
 41.985257 2017.916585
 42.002406 2067.775403
 42.019555 2104.728992
 42.036704 2125.74614
 42.053853 2129.041434
 42.071002 2114.324229
 42.088151 2082.839581
 42.1053 2037.193162
 42.122449 1980.994279
 42.139598 1918.384751
 42.156748 1853.538885
 42.173897 1790.217151
 42.191046 1731.437011
 42.208195 1679.293408
 42.225344 1634.933743
 42.242493 1599.200346
 42.259642 1571.093582
 42.276791 1550.211908
 42.29394 1535.70456
 42.311089 1526.765027
 42.328239 1522.792926
 42.345388 1523.50202
 42.362537 1528.972325
 42.379686 1539.645922
 42.396835 1556.265651
 42.413984 1579.793533
 42.431133 1611.117662
 42.448282 1650.740489
 42.465431 1699.580186
 42.48258 1756.712923
 42.49973 1820.87033
 42.516879 1889.761074
 42.534028 1960.155282
 42.551177 2028.101669
 42.568326 2089.299762
 42.585475 2139.585438
 42.602624 2175.456674
 42.619773 2194.547769
 42.636922 2195.961899
 42.654071 2180.393363
 42.671221 2150.011804
 42.68837 2108.127231
 42.705519 2058.699735
 42.722668 2005.786435
 42.739817 1953.026242
 42.756966 1904.103403
 42.774115 1859.855774
 42.791264 1821.717339
 42.808413 1789.901697
 42.825562 1764.151657
 42.842712 1744.094687
 42.859861 1729.577018
 42.87701 1720.914592
 42.894159 1719.016681
 42.911308 1725.359299
 42.928457 1741.806578
 42.945606 1770.298791
 42.962755 1812.444351
 42.979904 1869.070477
 42.997053 1939.801288
 43.014203 2022.740016
 43.031352 2114.141661
 43.048501 2209.354653
 43.06565 2301.719642
 43.082799 2384.316072
 43.099948 2450.367425
 43.117097 2494.070084
 43.134246 2511.342345
 43.151395 2500.363084
 43.168544 2461.801447
 43.185694 2398.69749
 43.202843 2315.994107
 43.219992 2219.964996
 43.237141 2117.233932
 43.25429 2014.105013
 43.271439 1916.112669
 43.288588 1827.235692
 43.305737 1750.035226
 43.322886 1685.626488
 43.340035 1633.89809
 43.357185 1593.846765
 43.374334 1563.915486
 43.391483 1542.307463
 43.408632 1527.265512
 43.425781 1517.129515
 43.44293 1510.564124
 43.460079 1506.507441
 43.477228 1504.175691
 43.494377 1503.041628
 43.511526 1502.738804
 43.528676 1503.077678
 43.545825 1503.686485
 43.562974 1505.249314
 43.580123 1507.296994
 43.597272 1509.902114
 43.614421 1513.117281
 43.63157 1516.962188
 43.648719 1521.593426
 43.665868 1526.729683
 43.683017 1532.376059
 43.700167 1538.417408
 43.717316 1544.734828
 43.734465 1551.403291
 43.751614 1558.226309
 43.768763 1565.433373
 43.785912 1573.347653
 43.803061 1582.497836
 43.82021 1593.619757
 43.837359 1607.622004
 43.854508 1625.509915
 43.871658 1648.268516
 43.888807 1676.712666
 43.905956 1711.320832
 43.923105 1752.07585
 43.940254 1798.339863
 43.957403 1848.789856
 43.974552 1901.434287
 43.991701 1953.779478
 44.00885 2002.837546
 44.025999 2045.625853
 44.043149 2079.326815
 44.060298 2101.613891
 44.077447 2111.591088
 44.094596 2107.829038
 44.111745 2091.204436
 44.128894 2063.318605
 44.146043 2026.738846
 44.163192 1984.83939
 44.180341 1941.567803
 44.19749 1901.170781
 44.21464 1867.980094
 44.231789 1846.039159
 44.248938 1838.915976
 44.266087 1849.415895
 44.283236 1879.317999
 44.300385 1929.15463
 44.317534 1997.951465
 44.334683 2083.116257
 44.351832 2180.39717
 44.368981 2284.017926
 44.386131 2387.01333
 44.40328 2481.769881
 44.420429 2560.734058
 44.437578 2617.030701
 44.454727 2646.018378
 44.471876 2644.544565
 44.489025 2612.353574
 44.506174 2551.76728
 44.523323 2467.210613
 44.540472 2365.272506
 44.557622 2252.768858
 44.574771 2136.818995
 44.59192 2023.828096
 44.609069 1918.944296
 44.626218 1826.111568
 44.643367 1746.923796
 44.660516 1682.710209
 44.677665 1632.413803
 44.694814 1595.252456
 44.711963 1569.907626
 44.729113 1555.148163
 44.746262 1550.099859
 44.763411 1554.412454
 44.78056 1568.284151
 44.797709 1592.55163
 44.814858 1628.277716
 44.832007 1676.683672
 44.849156 1738.743955
 44.866305 1814.302945
 44.883454 1903.898175
 44.900604 2004.647904
 44.917753 2113.054188
 44.934902 2224.108345
 44.952051 2331.577709
 44.9692 2428.531951
 44.986349 2508.058061
 45.003498 2564.066293
 45.020647 2592.058369
 45.037796 2589.723828
 45.054945 2557.254852
 45.072095 2497.320129
 45.089244 2414.70274
 45.106393 2315.670061
 45.123542 2207.317653
 45.140691 2096.370963
 45.15784 1989.007844
 45.174989 1890.073944
 45.192138 1802.905919
 45.209287 1729.325846
 45.226436 1669.826342
 45.243586 1623.876263
 45.260735 1590.271447
 45.277884 1567.464946
 45.295033 1553.830578
 45.312182 1547.836562
 45.329331 1548.127158
 45.34648 1553.658274
 45.363629 1563.238903
 45.380778 1575.986382
 45.397927 1590.958251
 45.415077 1607.139871
 45.432226 1623.954073
 45.449375 1639.982342
 45.466524 1654.863494
 45.483673 1667.824953
 45.500822 1678.729983
 45.517971 1687.859373
 45.53512 1695.928878
 45.552269 1704.029261
 45.569418 1713.487502
 45.586568 1725.662762
 45.603717 1741.705002
 45.620866 1762.314331
 45.638015 1787.543309
 45.655164 1816.680823
 45.672313 1848.245188
 45.689462 1880.097172
 45.706611 1909.663045
 45.72376 1934.238351
 45.740909 1951.327216
 45.758059 1958.964282
 45.775208 1955.968093
 45.792357 1942.086455
 45.809506 1918.01218
 45.826655 1885.275875
 45.843804 1846.030096
 45.860953 1802.772025
 45.878102 1758.051481
 45.895251 1714.206516
 45.9124 1673.096036
 45.92955 1636.277966
 45.946699 1604.46526
 45.963848 1577.965908
 45.980997 1556.650234
 45.998146 1540.071837
 46.015295 1527.592624
 46.032444 1518.494305
 46.049593 1512.065604
 46.066742 1507.661269
 46.083891 1504.734431
 46.101041 1502.847247
 46.11819 1501.666282
 46.135339 1500.948885
 46.152488 1500.458349
 46.169637 1500.249801
 46.186786 1500.132348
 46.203935 1500.0
 46.221084 1500.328262
 46.238233 1500.607258
 46.255382 1501.092353
 46.272532 1501.910685
 46.289681 1503.249767
 46.30683 1505.374675
 46.323979 1508.643496
 46.341128 1513.516497
 46.358277 1520.553059
 46.375426 1530.389712
 46.392575 1543.693281
 46.409724 1561.085881
 46.426873 1583.043427
 46.444023 1609.776166
 46.461172 1641.107256
 46.478321 1676.371837
 46.49547 1714.362016
 46.512619 1753.340845
 46.529768 1791.139722
 46.546917 1825.339387
 46.564066 1853.517415
 46.581215 1873.52873
 46.598364 1883.77464
 46.615514 1883.413694
 46.632663 1872.475799
 46.649812 1851.858133
 46.666961 1823.203614
 46.68411 1788.684773
 46.701259 1750.732463
 46.718408 1711.756246
 46.735557 1673.90049
 46.752706 1638.868654
 46.769855 1607.831689
 46.787005 1581.419281
 46.804154 1559.778729
 46.821303 1542.678048
 46.838452 1529.627891
 46.855601 1520.165865
 46.87275 1513.432933
 46.889899 1508.924458
 46.907048 1506.1487
 46.924197 1505.066196
 46.941346 1505.07142
 46.958496 1506.32172
 46.975645 1508.962958
 46.992794 1513.294924
 47.009943 1519.591588
 47.027092 1528.816305
 47.044241 1541.308089
 47.06139 1557.717033
 47.078539 1578.723516
 47.095688 1604.584347
 47.112837 1635.485994
 47.129987 1671.176289
 47.147136 1710.94722
 47.164285 1753.600597
 47.181434 1797.472754
 47.198583 1840.527233
 47.215732 1880.513391
 47.232881 1915.176111
 47.25003 1942.489779
 47.267179 1960.881761
 47.284328 1969.409008
 47.301478 1967.861215
 47.318627 1956.751124
 47.335776 1937.23668
 47.352925 1910.947924
 47.370074 1879.770791
 47.387223 1845.623102
 47.404372 1810.259392
 47.421521 1775.132473
 47.43867 1741.325094
 47.455819 1709.549294
 47.472969 1680.198367
 47.490118 1653.428552
 47.507267 1629.246859
 47.524416 1607.585848
 47.541565 1588.920898
 47.558714 1572.513596
 47.575863 1558.703693
 47.593012 1547.610972
 47.610161 1539.435229
 47.62731 1534.473202
 47.64446 1533.069342
 47.661609 1535.955435
 47.678758 1543.70766
 47.695907 1556.970898
 47.713056 1577.086524
 47.730205 1604.571385
 47.747354 1640.062523
 47.764503 1683.785565
 47.781652 1735.359237
 47.798801 1793.628976
 47.815951 1856.572228
 47.8331 1921.314129
 47.850249 1984.220729
 47.867398 2041.443848
 47.884547 2088.877568
 47.901696 2122.957146
 47.918845 2140.992457
 47.935994 2141.518601
 47.953143 2124.492419
 47.970292 2091.298322
 47.987442 2044.562407
 48.004591 1987.809386
 48.02174 1925.02462
 48.038889 1860.196425
 48.056038 1796.910811
 48.073187 1738.053106
 48.090336 1685.644814
 48.107485 1640.816263
 48.124634 1603.892387
 48.141783 1574.554766
 48.158933 1552.431623
 48.176082 1536.059331
 48.193231 1524.648238
 48.21038 1517.30179
 48.227529 1513.323124
 48.244678 1512.277423
 48.261827 1514.02181
 48.278976 1518.708043
 48.296125 1526.760175
 48.313274 1538.825651
 48.330424 1555.385038
 48.347573 1578.033364
 48.364722 1607.054015
 48.381871 1642.773123
 48.39902 1685.245954
 48.416169 1733.850399
 48.433318 1787.246591
 48.450467 1843.364922
 48.467616 1899.504145
 48.484765 1952.546496
 48.501915 1999.273249
 48.519064 2036.740024
 48.536213 2062.652265
 48.553362 2075.673325
 48.570511 2075.605171
 48.58766 2063.402134
 48.604809 2041.011123
 48.621958 2011.06514
 48.639107 1976.487663
 48.656256 1940.081266
 48.673406 1904.174985
 48.690555 1870.388778
 48.707704 1839.545981
 48.724853 1811.73271
 48.742002 1786.473948
 48.759151 1762.976611
 48.7763 1740.3834
 48.793449 1718.433242
 48.810598 1696.225883
 48.827747 1674.021598
 48.844897 1652.271603
 48.862046 1631.747624
 48.879195 1613.468653
 48.896344 1598.617753
 48.913493 1588.475118
 48.930642 1584.370848
 48.947791 1587.310928
 48.96494 1599.443541
 48.982089 1621.400359
 48.999238 1654.19595
 49.016388 1698.434961
 49.033537 1754.109416
 49.050686 1820.386621
 49.067835 1895.434183
 49.084984 1976.335223
 49.102133 2059.141279
 49.119282 2139.091457
 49.136431 2210.996424
 49.15358 2269.750468
 49.170729 2310.902211
 49.187879 2331.152762
 49.205028 2328.953708
 49.222177 2304.404855
 49.239326 2259.477119
 49.256475 2197.671434
 49.273624 2123.568332
 49.290773 2042.294309
 49.307922 1958.868513
 49.325071 1877.806601
 49.34222 1802.701491
 49.35937 1736.04827
 49.376519 1679.22454
 49.393668 1632.609201
 49.410817 1595.792531
 49.427966 1567.825942
 49.445115 1547.465898
 49.462264 1533.379215
 49.479413 1524.292138
 49.496562 1519.079546
 49.513711 1516.801127
 49.530861 1516.697536
 49.54801 1518.161789
 49.565159 1520.700285
 49.582308 1523.895106
 49.599457 1527.375517
 49.616606 1530.613522
 49.633755 1533.762817
 49.650904 1536.251288
 49.668053 1537.868779
 49.685202 1538.486878
 49.702352 1538.055557
 49.719501 1536.609849
 49.73665 1534.26516
 49.753799 1531.202042
 49.770948 1527.643255
 49.788097 1523.827133
 49.805246 1519.98165
 49.822395 1516.303031
 49.839544 1512.941462
 49.856693 1509.994862
 49.873843 1507.510162
 49.890992 1505.490367
 49.908141 1503.905113
 49.92529 1502.702381
 49.942439 1501.819452
 49.959588 1501.191836
 49.976737 1500.759583
 49.993886 1500.470995
 50.011035 1500.284146
 50.028184 1500.166782
 50.045334 1500.095245
 50.062483 1500.05292
 50.079632 1500.028608
 50.096781 1500.015047
 50.11393 1500.0
 50.131079 1500.0
 50.148228 1500.0
 50.165377 1500.009024
 50.182526 1500.016774
 50.199675 1500.030342
 50.216825 1500.053415
 50.233974 1500.126879
 50.251123 1500.218309
 50.268272 1500.366466
 50.285421 1500.600236
 50.30257 1500.959348
 50.319719 1501.510405
 50.336868 1502.303807
 50.354017 1503.430997
 50.371166 1504.989536
 50.388316 1507.086073
 50.405465 1509.828629
 50.422614 1513.315411
 50.439763 1517.620558
 50.456912 1522.777943
 50.474061 1528.764926
 50.49121 1535.488575
 50.508359 1542.777206
 50.525508 1550.37986
 50.542657 1557.975599
 50.559807 1565.193144
 50.576956 1571.6397
 50.594105 1576.936055
 50.611254 1580.753635
 50.628403 1582.848423
 50.645552 1583.086834
 50.662701 1581.459686
 50.67985 1578.082271
 50.696999 1573.180676
 50.714148 1567.066662
 50.731298 1560.104972
 50.748447 1552.677854
 50.765596 1545.151472
 50.782745 1537.848115
 50.799894 1531.026749
 50.817043 1524.877739
 50.834192 1519.506549
 50.851341 1514.959617
 50.86849 1511.224606
 50.885639 1508.247395
 50.902789 1505.947112
 50.919938 1504.229992
 50.937087 1503.000805
 50.954236 1502.171237
 50.971385 1501.665051
 50.988534 1501.416544
 51.005683 1501.386942
 51.022832 1501.533411
 51.039981 1501.856968
 51.05713 1502.285877
 51.07428 1502.855781
 51.091429 1503.525768
 51.108578 1504.282624
 51.125727 1505.106541
 51.142876 1506.00858
 51.160025 1506.975921
 51.177174 1508.022076
 51.194323 1509.175523
 51.211472 1510.48024
 51.228621 1511.992503
 51.245771 1513.773389
 51.26292 1515.877235
 51.280069 1518.337384
 51.297218 1521.151436
 51.314367 1524.268971
 51.331516 1527.584748
 51.348665 1530.939884
 51.365814 1534.132236
 51.382963 1536.93552
 51.400112 1539.124854
 51.417262 1540.504876
 51.434411 1540.935764
 51.45156 1540.352599
 51.468709 1538.774644
 51.485858 1536.302949
 51.503007 1533.106897
 51.520156 1529.40231
 51.537305 1525.425102
 51.554454 1521.404938
 51.571603 1517.542882
 51.588753 1513.99585
 51.605902 1510.869048
 51.623051 1508.216089
 51.6402 1506.043748
 51.657349 1504.328617
 51.674498 1503.01747
 51.691647 1502.047324
 51.708796 1501.352008
 51.725945 1500.868999
 51.743094 1500.543633
 51.760244 1500.331007
 51.777393 1500.196161
 51.794542 1500.113144
 51.811691 1500.063517
 51.82884 1500.034705
 51.845989 1500.018455
 51.863138 1500.0
 51.880287 1500.0
 51.897436 1500.0
 51.914585 1500.0
 51.931735 1500.0
 51.948884 1500.0
 51.966033 1500.0
 51.983182 1500.0
 52.000331 1500.0
 52.01748 1500.0
 52.034629 1500.0
 52.051778 1500.0
 52.068927 1500.0
 52.086076 1500.0
 52.103226 1500.0
 52.120375 1500.260704
 52.137524 1500.476832
 52.154673 1500.849065
 52.171822 1501.471882
 52.188971 1502.484053
 52.20612 1504.081347
 52.223269 1506.5283
 52.240418 1510.165987
 52.257567 1515.411713
 52.274717 1522.7459
 52.291866 1532.690594
 52.309015 1545.731173
 52.326164 1562.281947
 52.343313 1582.580101
 52.360462 1606.599801
 52.377611 1633.971192
 52.39476 1663.926502
 52.411909 1695.290752
 52.429058 1726.529808
 52.446208 1755.860042
 52.463357 1781.412314
 52.480506 1801.430892
 52.497655 1814.478271
 52.514804 1819.595796
 52.531953 1816.473978
 52.549102 1805.446005
 52.566251 1787.529541
 52.5834 1764.305757
 52.600549 1737.286421
 52.617699 1708.472581
 52.634848 1679.739954
 52.651997 1652.76165
 52.669146 1628.946759
 52.686295 1609.422876
 52.703444 1595.068613
 52.720593 1586.575307
 52.737742 1584.511923
 52.754891 1589.613218
 52.77204 1602.0044
 52.78919 1622.160511
 52.806339 1650.235546
 52.823488 1686.077394
 52.840637 1729.108683
 52.857786 1778.235146
 52.874935 1831.811915
 52.892084 1887.690253
 52.909233 1943.352846
 52.926382 1995.98867
 52.943531 2043.375928
 52.960681 2083.087213
 52.97783 2113.544052
 52.994979 2133.897656
 53.012128 2144.055286
 53.029277 2144.846185
 53.046426 2137.032645
 53.063575 2122.119105
 53.080724 2101.529434
 53.097873 2076.575675
 53.115022 2048.372286
 53.132172 2017.880671
 53.149321 1985.950383
 53.16647 1953.547835
 53.183619 1921.680863
 53.200768 1891.710444
 53.217917 1865.200135
 53.235066 1843.843727
 53.252215 1829.280179
 53.269364 1822.857572
 53.286513 1825.388938
 53.303663 1836.946566
 53.320812 1856.736655
 53.337961 1883.083973
 53.35511 1913.538709
 53.372259 1945.097631
 53.389408 1974.47966
 53.406557 1998.527261
 53.423706 2014.760452
 53.440855 2021.385491
 53.458004 2017.015313
 53.475154 2001.880306
 53.492303 1977.00982
 53.509452 1944.242032
 53.526601 1905.99412
 53.54375 1865.000066
 53.560899 1824.055525
 53.578048 1785.707525
 53.595197 1752.500952
 53.612346 1726.157499
 53.629495 1708.060887
 53.646645 1699.042275
 53.663794 1699.354952
 53.680943 1708.657259
 53.698092 1726.007279
 53.715241 1749.881051
 53.73239 1778.229985
 53.749539 1808.591123
 53.766688 1838.255626
 53.783837 1864.488343
 53.800986 1884.777505
 53.818136 1897.082553
 53.835285 1900.042899
 53.852434 1892.910238
 53.869583 1876.49695
 53.886732 1851.638097
 53.903881 1820.036369
 53.92103 1783.827033
 53.938179 1745.365905
 53.955328 1706.898323
