res data
0.27416885999374185
0.27438762074869194
0.27529584524506806
0.2757066078753892
0.27869807129987556
0.22683065854705692
0.2768820576648158
0.26359167681554785
0.268902829528527
0.28037617577867746
0.14605663156276455
0.27986320925648
0.24576712773293574
0.18000232808470637
0.27974472403854594
0.28160737293999333
0.2837164241030985
0.29276800186532664
0.09560403708276792
0.29444152613895597
0.3036708017555337
0.2836043996743497
0.2859173763988487
0.3555406205052441
0.21368831147990897
0.3682611916014816
0.22165052766760318
0.23751538470814554
0.3853025325523388
0.2633532132533926
0.21485082589317087
0.3125227544170186
0.12563590812798062
0.3497684490207449
0.2628187444507174
0.3053601846657501
0.2822557160228715
0.29451671217289793
0.2807078347817423
0.2859869910866038
0.3040176635051457
0.08830910586325273
0.3202404746270368
0.3062208965373301
0.19696286019981177
0.33848188352293695
0.1426007639936533
0.14692064295370785
peak data
 10.225123 3015.190391
 13.740689 2438.09675
 16.364501 1501.780042
 17.942218 2247.903967
 20.034409 4171.754966
 20.548882 2680.230893
 21.457784 9454.048488
 22.075151 8461.201907
 23.138396 2548.026267
 23.82436 3856.872578
 24.253087 2086.81936
 25.642164 6278.596347
 26.173786 4845.122344
 26.911198 1933.489546
 27.682907 2960.305774
 28.849046 2339.521061
 30.032334 3754.09955
 31.044131 7849.593011
 31.472858 2497.002188
 33.084874 2601.282241
 33.736539 4374.753691
 34.816933 2769.333883
 35.691537 4275.886651
 36.360352 2201.194799
 37.526491 1780.331069
 38.075262 2886.737978
 38.67548 2200.51987
 39.241401 1670.22361
Org data
 5.011797 1500.0
 5.028946 1500.0
 5.046095 1500.0
 5.063244 1500.0
 5.080393 1500.0
 5.097542 1500.0
 5.114692 1500.0
 5.131841 1500.0
 5.14899 1500.0
 5.166139 1500.0
 5.183288 1500.0
 5.200437 1500.0
 5.217586 1500.0
 5.234735 1500.0
 5.251884 1500.0
 5.269033 1500.0
 5.286182 1500.0
 5.303332 1500.0
 5.320481 1500.0
 5.33763 1500.0
 5.354779 1500.0
 5.371928 1500.0
 5.389077 1500.0
 5.406226 1500.0
 5.423375 1500.0
 5.440524 1500.0
 5.457674 1500.0
 5.474823 1500.0
 5.491972 1500.0
 5.509121 1500.0
 5.52627 1500.0
 5.543419 1500.0
 5.560568 1500.0
 5.577717 1500.0
 5.594866 1500.0
 5.612015 1500.0
 5.629164 1500.0
 5.646314 1500.0
 5.663463 1500.0
 5.680612 1500.0
 5.697761 1500.0
 5.71491 1500.0
 5.732059 1500.0
 5.749208 1500.0
 5.766357 1500.0
 5.783506 1500.0
 5.800656 1500.0
 5.817805 1500.0
 5.834954 1500.0
 5.852103 1500.0
 5.869252 1500.0
 5.886401 1500.0
 5.90355 1500.0
 5.920699 1500.0
 5.937848 1500.0
 5.954997 1500.0
 5.972147 1500.0
 5.989296 1500.0
 6.006445 1500.0
 6.023594 1500.0
 6.040743 1500.0
 6.057892 1500.0
 6.075041 1500.0
 6.09219 1500.0
 6.109339 1500.0
 6.126488 1500.0
 6.143638 1500.0
 6.160787 1500.0
 6.177936 1500.0
 6.195085 1500.0
 6.212234 1500.0
 6.229383 1500.0
 6.246532 1500.0
 6.263681 1500.0
 6.28083 1500.0
 6.297979 1500.0
 6.315129 1500.0
 6.332278 1500.0
 6.349427 1500.0
 6.366576 1500.0
 6.383725 1500.0
 6.400874 1500.0
 6.418023 1500.0
 6.435172 1500.0
 6.452321 1500.0
 6.46947 1500.0
 6.486619 1500.0
 6.503769 1500.0
 6.520918 1500.0
 6.538067 1500.0
 6.555216 1500.0
 6.572365 1500.0
 6.589514 1500.0
 6.606663 1500.0
 6.623812 1500.0
 6.640961 1500.0
 6.658111 1500.0
 6.67526 1500.0
 6.692409 1500.0
 6.709558 1500.0
 6.726707 1500.0
 6.743856 1500.0
 6.761005 1500.0
 6.778154 1500.0
 6.795303 1500.0
 6.812452 1500.0
 6.829601 1500.0
 6.846751 1500.0
 6.8639 1500.0
 6.881049 1500.0
 6.898198 1500.0
 6.915347 1500.0
 6.932496 1500.0
 6.949645 1500.0
 6.966794 1500.0
 6.983943 1500.0
 7.001093 1500.0
 7.018242 1500.0
 7.035391 1500.0
 7.05254 1500.0
 7.069689 1500.0
 7.086838 1500.0
 7.103987 1500.0
 7.121136 1500.0
 7.138285 1500.0
 7.155434 1500.0
 7.172584 1500.0
 7.189733 1500.0
 7.206882 1500.0
 7.224031 1500.0
 7.24118 1500.0
 7.258329 1500.0
 7.275478 1500.0
 7.292627 1500.0
 7.309776 1500.0
 7.326925 1500.0
 7.344074 1500.0
 7.361224 1500.0
 7.378373 1500.0
 7.395522 1500.0
 7.412671 1500.0
 7.42982 1500.0
 7.446969 1500.0
 7.464118 1500.0
 7.481267 1500.0
 7.498416 1500.0
 7.515566 1500.0
 7.532715 1500.0
 7.549864 1500.0
 7.567013 1500.0
 7.584162 1500.0
 7.601311 1500.0
 7.61846 1500.0
 7.635609 1500.0
 7.652758 1500.0
 7.669907 1500.0
 7.687057 1500.0
 7.704206 1500.0
 7.721355 1500.0
 7.738504 1500.0
 7.755653 1500.0
 7.772802 1500.0
 7.789951 1500.0
 7.8071 1500.0
 7.824249 1500.0
 7.841398 1500.0
 7.858548 1500.0
 7.875697 1500.0
 7.892846 1500.0
 7.909995 1500.0
 7.927144 1500.0
 7.944293 1500.0
 7.961442 1500.0
 7.978591 1500.0
 7.99574 1500.0
 8.012889 1500.0
 8.030038 1500.0
 8.047188 1500.0
 8.064337 1500.0
 8.081486 1500.0
 8.098635 1500.0
 8.115784 1500.0
 8.132933 1500.0
 8.150082 1500.0
 8.167231 1500.0
 8.18438 1500.0
 8.201529 1500.0
 8.218679 1500.0
 8.235828 1500.0
 8.252977 1500.0
 8.270126 1500.0
 8.287275 1500.0
 8.304424 1500.0
 8.321573 1500.0
 8.338722 1500.0
 8.355871 1500.0
 8.37302 1500.0
 8.39017 1500.0
 8.407319 1500.0
 8.424468 1500.0
 8.441617 1500.0
 8.458766 1500.0
 8.475915 1500.0
 8.493064 1500.0
 8.510213 1500.0
 8.527362 1500.0
 8.544512 1500.0
 8.561661 1500.0
 8.57881 1500.0
 8.595959 1500.0
 8.613108 1500.0
 8.630257 1500.0
 8.647406 1500.0
 8.664555 1500.0
 8.681704 1500.0
 8.698853 1500.0
 8.716003 1500.0
 8.733152 1500.0
 8.750301 1500.0
 8.76745 1500.0
 8.784599 1500.0
 8.801748 1500.0
 8.818897 1500.0
 8.836046 1500.0
 8.853195 1500.0
 8.870344 1500.0
 8.887493 1500.0
 8.904643 1500.0
 8.921792 1500.0
 8.938941 1500.0
 8.95609 1500.0
 8.973239 1500.0
 8.990388 1500.0
 9.007537 1500.0
 9.024686 1500.0
 9.041835 1500.0
 9.058985 1500.0
 9.076134 1500.0
 9.093283 1500.0
 9.110432 1500.0
 9.127581 1500.0
 9.14473 1500.0
 9.161879 1500.0
 9.179028 1500.0
 9.196177 1500.0
 9.213326 1500.0
 9.230476 1500.0
 9.247625 1500.0
 9.264774 1500.0
 9.281923 1500.0
 9.299072 1500.0
 9.316221 1500.0
 9.33337 1500.0
 9.350519 1500.0
 9.367668 1500.0
 9.384817 1500.0
 9.401967 1500.0
 9.419116 1500.0
 9.436265 1500.0
 9.453414 1500.0
 9.470563 1500.0
 9.487712 1500.0
 9.504861 1500.0
 9.52201 1500.0
 9.539159 1500.0
 9.556308 1500.0
 9.573458 1500.0
 9.590607 1500.0
 9.607756 1500.0
 9.624905 1500.0
 9.642054 1500.0
 9.659203 1500.0
 9.676352 1500.0
 9.693501 1500.0
 9.71065 1500.0
 9.727799 1500.0
 9.744948 1500.0
 9.762098 1500.0
 9.779247 1500.0
 9.796396 1501.269613
 9.813545 1502.189879
 9.830694 1503.695687
 9.847843 1506.102342
 9.864992 1509.858811
 9.882141 1515.584006
 9.89929 1524.102408
 9.916439 1536.472753
 9.933589 1554.001216
 9.950738 1578.228587
 9.967887 1610.880316
 9.985036 1653.769615
 10.002185 1708.647772
 10.019334 1777.002819
 10.036483 1859.817179
 10.053632 1957.306012
 10.070781 2068.668656
 10.087931 2191.89321
 10.10508 2323.656801
 10.122229 2459.358615
 10.139378 2593.309615
 10.156527 2719.081885
 10.173676 2829.995333
 10.190825 2919.694541
 10.207974 2982.74777
 10.225123 3015.190391
 10.242272 3014.937476
 10.259422 2982.005383
 10.276571 2918.510008
 10.29372 2828.441954
 10.310869 2717.251432
 10.328018 2591.30339
 10.345167 2457.278272
 10.362316 2321.596066
 10.379465 2189.93142
 10.396614 2066.866615
 10.413763 1955.704347
 10.430913 1858.436936
 10.448062 1775.847832
 10.465211 1707.708169
 10.48236 1653.025814
 10.499509 1610.30695
 10.516658 1577.797931
 10.533807 1553.685887
 10.550956 1536.247583
 10.568105 1523.945544
 10.585254 1515.477366
 10.602404 1509.788045
 10.619553 1506.056495
 10.636702 1503.666681
 10.653851 1502.171957
 10.671 1501.258796
 10.688149 1500.0
 10.705298 1500.0
 10.722447 1500.0
 10.739596 1500.0
 10.756745 1500.0
 10.773895 1500.0
 10.791044 1500.0
 10.808193 1500.0
 10.825342 1500.0
 10.842491 1500.0
 10.85964 1500.0
 10.876789 1500.0
 10.893938 1500.0
 10.911087 1500.0
 10.928236 1500.0
 10.945386 1500.0
 10.962535 1500.0
 10.979684 1500.0
 10.996833 1500.0
 11.013982 1500.0
 11.031131 1500.0
 11.04828 1500.0
 11.065429 1500.0
 11.082578 1500.0
 11.099727 1500.0
 11.116877 1500.0
 11.134026 1500.0
 11.151175 1500.0
 11.168324 1500.0
 11.185473 1500.0
 11.202622 1500.0
 11.219771 1500.0
 11.23692 1500.0
 11.254069 1500.0
 11.271218 1500.0
 11.288368 1500.0
 11.305517 1500.0
 11.322666 1500.0
 11.339815 1500.0
 11.356964 1500.0
 11.374113 1500.0
 11.391262 1500.0
 11.408411 1500.0
 11.42556 1500.0
 11.442709 1500.0
 11.459858 1500.0
 11.477008 1500.0
 11.494157 1500.0
 11.511306 1500.0
 11.528455 1500.0
 11.545604 1500.0
 11.562753 1500.0
 11.579902 1500.0
 11.597051 1500.0
 11.6142 1500.0
 11.63135 1500.0
 11.648499 1500.0
 11.665648 1500.0
 11.682797 1500.0
 11.699946 1500.0
 11.717095 1500.0
 11.734244 1500.0
 11.751393 1500.0
 11.768542 1500.0
 11.785691 1500.0
 11.802841 1500.0
 11.81999 1500.0
 11.837139 1500.0
 11.854288 1500.0
 11.871437 1500.0
 11.888586 1500.0
 11.905735 1500.0
 11.922884 1500.0
 11.940033 1500.0
 11.957182 1500.0
 11.974332 1500.0
 11.991481 1500.0
 12.00863 1500.0
 12.025779 1500.0
 12.042928 1500.0
 12.060077 1500.0
 12.077226 1500.0
 12.094375 1500.0
 12.111524 1500.0
 12.128673 1500.0
 12.145823 1500.0
 12.162972 1500.0
 12.180121 1500.0
 12.19727 1500.0
 12.214419 1500.0
 12.231568 1500.0
 12.248717 1500.0
 12.265866 1500.0
 12.283015 1500.0
 12.300164 1500.0
 12.317314 1500.0
 12.334463 1500.0
 12.351612 1500.0
 12.368761 1500.0
 12.38591 1500.0
 12.403059 1500.0
 12.420208 1500.0
 12.437357 1500.0
 12.454506 1500.0
 12.471655 1500.0
 12.488805 1500.0
 12.505954 1500.0
 12.523103 1500.0
 12.540252 1500.0
 12.557401 1500.0
 12.57455 1500.0
 12.591699 1500.0
 12.608848 1500.0
 12.625997 1500.0
 12.643146 1500.0
 12.660296 1500.0
 12.677445 1500.0
 12.694594 1500.0
 12.711743 1500.0
 12.728892 1500.0
 12.746041 1500.0
 12.76319 1500.0
 12.780339 1500.0
 12.797488 1500.0
 12.814637 1500.0
 12.831787 1500.0
 12.848936 1500.0
 12.866085 1500.0
 12.883234 1500.0
 12.900383 1500.0
 12.917532 1500.0
 12.934681 1500.0
 12.95183 1500.0
 12.968979 1500.0
 12.986128 1500.0
 13.003277 1500.0
 13.020427 1500.0
 13.037576 1500.0
 13.054725 1500.0
 13.071874 1500.0
 13.089023 1500.0
 13.106172 1500.0
 13.123321 1500.0
 13.14047 1500.0
 13.157619 1500.0
 13.174768 1500.0
 13.191918 1500.0
 13.209067 1500.0
 13.226216 1500.0
 13.243365 1500.0
 13.260514 1500.0
 13.277663 1500.0
 13.294812 1500.698048
 13.311961 1501.208111
 13.32911 1502.045939
 13.346259 1503.390337
 13.363409 1505.497411
 13.380558 1508.722465
 13.397707 1513.542115
 13.414856 1520.573136
 13.432005 1530.583119
 13.449154 1544.486765
 13.466303 1563.321055
 13.483452 1588.193011
 13.500601 1620.195823
 13.517751 1660.29287
 13.5349 1709.174659
 13.552049 1767.100303
 13.569198 1833.741748
 13.586347 1908.05427
 13.603496 1988.199055
 13.620645 2071.541667
 13.637794 2154.743471
 13.654943 2233.951081
 13.672092 2305.074429
 13.689242 2364.128325
 13.706391 2407.599091
 13.72354 2432.789716
 13.740689 2438.09675
 13.757838 2423.179127
 13.774987 2388.994433
 13.792136 2337.697219
 13.809285 2272.414348
 13.826434 2196.929815
 13.843583 2115.323427
 13.860733 2031.610771
 13.877882 1949.428089
 13.895031 1871.794511
 13.91218 1800.969353
 13.929329 1738.406606
 13.946478 1684.795413
 13.963627 1640.165509
 13.980776 1604.03234
 13.997925 1575.5567
 14.015074 1553.697633
 14.032224 1537.343499
 14.049373 1525.412811
 14.066522 1516.92265
 14.083671 1511.027121
 14.10082 1507.031276
 14.117969 1504.38717
 14.135118 1502.678633
 14.152267 1501.600371
 14.169416 1500.935635
 14.186565 1500.0
 14.203715 1500.0
 14.220864 1500.0
 14.238013 1500.0
 14.255162 1500.0
 14.272311 1500.0
 14.28946 1500.0
 14.306609 1500.0
 14.323758 1500.0
 14.340907 1500.0
 14.358056 1500.0
 14.375206 1500.0
 14.392355 1500.0
 14.409504 1500.0
 14.426653 1500.0
 14.443802 1500.0
 14.460951 1500.0
 14.4781 1500.0
 14.495249 1500.0
 14.512398 1500.0
 14.529547 1500.0
 14.546696 1500.0
 14.563846 1500.0
 14.580995 1500.0
 14.598144 1500.0
 14.615293 1500.0
 14.632442 1500.0
 14.649591 1500.0
 14.66674 1500.0
 14.683889 1500.0
 14.701038 1500.0
 14.718187 1500.0
 14.735337 1500.0
 14.752486 1500.0
 14.769635 1500.0
 14.786784 1500.0
 14.803933 1500.0
 14.821082 1500.0
 14.838231 1500.0
 14.85538 1500.0
 14.872529 1500.0
 14.889678 1500.0
 14.906828 1500.0
 14.923977 1500.0
 14.941126 1500.0
 14.958275 1500.0
 14.975424 1500.0
 14.992573 1500.0
 15.009722 1500.0
 15.026871 1500.0
 15.04402 1500.0
 15.06117 1500.0
 15.078319 1500.0
 15.095468 1500.0
 15.112617 1500.0
 15.129766 1500.0
 15.146915 1500.0
 15.164064 1500.0
 15.181213 1500.0
 15.198362 1500.0
 15.215511 1500.0
 15.232661 1500.0
 15.24981 1500.0
 15.266959 1500.0
 15.284108 1500.0
 15.301257 1500.0
 15.318406 1500.0
 15.335555 1500.0
 15.352704 1500.0
 15.369853 1500.0
 15.387002 1500.0
 15.404152 1500.0
 15.421301 1500.0
 15.43845 1500.0
 15.455599 1500.0
 15.472748 1500.0
 15.489897 1500.0
 15.507046 1500.0
 15.524195 1500.0
 15.541344 1500.0
 15.558493 1500.0
 15.575643 1500.0
 15.592792 1500.0
 15.609941 1500.0
 15.62709 1500.0
 15.644239 1500.0
 15.661388 1500.0
 15.678537 1500.0
 15.695686 1500.0
 15.712835 1500.0
 15.729984 1500.0
 15.747134 1500.0
 15.764283 1500.0
 15.781432 1500.0
 15.798581 1500.0
 15.81573 1500.0
 15.832879 1500.0
 15.850028 1500.0
 15.867177 1500.0
 15.884326 1500.0
 15.901475 1500.0
 15.918625 1500.0
 15.935774 1500.00183
 15.952923 1500.00312
 15.970072 1500.005209
 15.987221 1500.008509
 16.00437 1500.013605
 16.021519 1500.021288
 16.038668 1500.032598
 16.055817 1500.048854
 16.072966 1500.071655
 16.090116 1500.102855
 16.107265 1500.144492
 16.124414 1500.198655
 16.141563 1500.267294
 16.158712 1500.351979
 16.175861 1500.453608
 16.19301 1500.572111
 16.210159 1500.706181
 16.227308 1500.853076
 16.244457 1501.008544
 16.261606 1501.16691
 16.278756 1501.321343
 16.295905 1501.464296
 16.313054 1501.588098
 16.330203 1501.685623
 16.347352 1501.750968
 16.364501 1501.780042
 16.38165 1501.770992
 16.398799 1501.724396
 16.415948 1501.643202
 16.433097 1501.532423
 16.450247 1501.398619
 16.467396 1501.249261
 16.484545 1501.092043
 16.501694 1500.93424
 16.518843 1500.782185
 16.535992 1500.640904
 16.553141 1500.513934
 16.57029 1500.403323
 16.587439 1500.309763
 16.604589 1500.232829
 16.621738 1500.171267
 16.638887 1500.123294
 16.656036 1500.086864
 16.673185 1500.059891
 16.690334 1500.040413
 16.707483 1500.026687
 16.724632 1500.017247
 16.741781 1500.010908
 16.75893 1500.006752
 16.77608 1500.00409
 16.793229 1500.002425
 16.810378 1500.001407
 16.827527 1500.0
 16.844676 1500.0
 16.861825 1500.0
 16.878974 1500.0
 16.896123 1500.0
 16.913272 1500.0
 16.930421 1500.0
 16.947571 1500.0
 16.96472 1500.0
 16.981869 1500.0
 16.999018 1500.0
 17.016167 1500.0
 17.033316 1500.0
 17.050465 1500.0
 17.067614 1500.0
 17.084763 1500.0
 17.101912 1500.0
 17.119062 1500.0
 17.136211 1500.0
 17.15336 1500.0
 17.170509 1500.0
 17.187658 1500.0
 17.204807 1500.0
 17.221956 1500.0
 17.239105 1500.0
 17.256254 1500.0
 17.273403 1500.0
 17.290553 1500.0
 17.307702 1500.0
 17.324851 1500.0
 17.342 1500.0
 17.359149 1500.0
 17.376298 1500.0
 17.393447 1500.0
 17.410596 1500.0
 17.427745 1500.0
 17.444894 1500.0
 17.462044 1500.0
 17.479193 1500.0
 17.496342 1500.0
 17.513491 1500.811359
 17.53064 1501.379557
 17.547789 1502.295827
 17.564938 1503.739483
 17.582087 1505.961514
 17.599236 1509.301952
 17.616385 1514.205743
 17.633535 1521.233713
 17.650684 1531.064181
 17.667833 1544.480094
 17.684982 1562.336597
 17.702131 1585.505077
 17.71928 1614.79208
 17.736429 1650.835292
 17.753578 1693.983508
 17.770727 1744.172752
 17.787876 1800.8153
 17.805025 1862.721022
 17.822175 1928.070555
 17.839324 1994.455895
 17.856473 2058.996452
 17.873622 2118.528292
 17.890771 2169.851929
 17.90792 2210.01331
 17.925069 2236.583979
 17.942218 2247.903967
 17.959367 2243.253351
 17.976516 2222.927982
 17.993666 2188.208351
 18.010815 2141.226171
 18.027964 2084.747738
 18.045113 2021.905039
 18.062262 1955.910543
 18.079411 1889.791692
 18.09656 1826.174406
 18.113709 1767.135181
 18.130858 1714.129132
 18.148008 1667.989984
 18.165157 1628.989247
 18.182306 1596.936114
 18.199455 1571.298297
 18.216604 1551.325549
 18.233753 1536.161663
 18.250902 1524.93578
 18.268051 1516.828937
 18.2852 1511.116011
 18.302349 1507.186198
 18.319499 1504.546808
 18.336648 1502.815598
 18.353797 1501.706438
 18.370946 1501.012198
 18.388095 1500.587618
 18.405244 1500.0
 18.422393 1500.0
 18.439542 1500.0
 18.456691 1500.0
 18.47384 1500.0
 18.49099 1500.0
 18.508139 1500.0
 18.525288 1500.0
 18.542437 1500.0
 18.559586 1500.0
 18.576735 1500.0
 18.593884 1500.0
 18.611033 1500.0
 18.628182 1500.0
 18.645331 1500.0
 18.662481 1500.0
 18.67963 1500.0
 18.696779 1500.0
 18.713928 1500.0
 18.731077 1500.0
 18.748226 1500.0
 18.765375 1500.0
 18.782524 1500.0
 18.799673 1500.0
 18.816822 1500.0
 18.833972 1500.0
 18.851121 1500.0
 18.86827 1500.0
 18.885419 1500.0
 18.902568 1500.0
 18.919717 1500.0
 18.936866 1500.0
 18.954015 1500.0
 18.971164 1500.0
 18.988313 1500.0
 19.005463 1500.0
 19.022612 1500.0
 19.039761 1500.0
 19.05691 1500.0
 19.074059 1500.0
 19.091208 1500.0
 19.108357 1500.0
 19.125506 1500.0
 19.142655 1500.0
 19.159804 1500.0
 19.176954 1500.0
 19.194103 1500.0
 19.211252 1500.0
 19.228401 1500.0
 19.24555 1500.0
 19.262699 1500.0
 19.279848 1500.0
 19.296997 1500.0
 19.314146 1500.0
 19.331295 1500.0
 19.348444 1500.0
 19.365594 1500.0
 19.382743 1500.0
 19.399892 1500.0
 19.417041 1500.0
 19.43419 1500.0
 19.451339 1500.0
 19.468488 1500.0
 19.485637 1500.0
 19.502786 1500.0
 19.519935 1500.0
 19.537085 1500.0
 19.554234 1500.0
 19.571383 1501.107253
 19.588532 1502.46262
 19.605681 1504.19688
 19.62283 1507.002636
 19.639979 1511.439411
 19.657128 1518.295926
 19.674277 1528.649384
 19.691427 1543.922573
 19.708576 1565.928526
 19.725725 1596.888786
 19.742874 1639.40865
 19.760023 1696.391843
 19.777172 1770.879508
 19.794321 1865.804717
 19.81147 1983.664631
 19.828619 2126.127337
 19.845768 2293.607452
 19.862918 2484.861014
 19.880067 2696.662459
 19.897216 2923.63044
 19.914365 3158.261735
 19.931514 3391.212875
 19.948663 3611.837908
 19.965812 3808.951548
 19.982961 3971.748992
 20.00011 4090.7793
 20.017259 4158.85175
 20.034409 4171.754966
 20.051558 4128.687643
 20.068707 4032.341451
 20.085856 3888.622117
 20.103005 3706.885029
 20.120154 3496.368736
 20.137303 3268.81242
 20.154452 3035.415594
 20.171601 2806.49036
 20.18875 2590.842632
 20.2059 2395.400658
 20.223049 2225.095539
 20.240198 2082.961588
 20.257347 1970.397516
 20.274496 1887.515701
 20.291645 1833.506364
 20.308794 1806.954419
 20.325943 1806.065789
 20.343092 1828.783288
 20.360241 1872.795912
 20.377391 1935.466012
 20.39454 2013.713954
 20.411689 2103.907622
 20.428838 2201.803531
 20.445987 2302.577204
 20.463136 2400.964887
 20.480285 2491.51816
 20.497434 2568.571691
 20.514583 2627.948496
 20.531732 2666.188877
 20.548882 2680.230893
 20.566031 2669.184612
 20.58318 2633.748462
 20.600329 2576.13652
 20.617478 2499.849275
 20.634627 2409.321946
 20.651776 2309.49889
 20.668925 2205.390634
 20.686074 2101.668666
 20.703223 2002.341163
 20.720373 1910.537816
 20.737522 1828.412717
 20.754671 1757.157087
 20.77182 1697.100645
 20.788969 1647.872664
 20.806118 1608.591874
 20.823267 1578.057666
 20.840416 1554.921426
 20.857565 1537.824679
 20.874714 1525.498523
 20.891863 1516.825201
 20.909013 1510.86701
 20.926162 1506.870107
 20.943311 1504.251278
 20.96046 1502.575
 20.977609 1501.526636
 20.994758 1504.491303
 21.011907 1506.83018
 21.029056 1510.868439
 21.046205 1518.275426
 21.063354 1530.081419
 21.080504 1548.46866
 21.097653 1576.446399
 21.114802 1618.028721
 21.131951 1678.38336
 21.1491 1763.911422
 21.166249 1882.208624
 21.183398 2041.854091
 21.200547 2251.977678
 21.217696 2521.572867
 21.234845 2858.553059
 21.251995 3268.592319
 21.269144 3753.843186
 21.286293 4311.677217
 21.303442 4933.633532
 21.320591 5604.781044
 21.33774 6303.684728
 21.354889 7003.110813
 21.372038 7671.519256
 21.389187 8275.272163
 21.406336 8781.367859
 21.423486 9160.401221
 21.440635 9389.383091
 21.457784 9454.048488
 21.474933 9350.327399
 21.492082 9084.767024
 21.509231 8673.849793
 21.52638 8142.300044
 21.543529 7520.622788
 21.560678 6842.21825
 21.577827 6140.445357
 21.594977 5445.99049
 21.612126 4788.414484
 21.629275 4183.131938
 21.646424 3646.206946
 21.663573 3185.65235
 21.680722 2804.323518
 21.697871 2501.178399
 21.71502 2272.711146
 21.732169 2114.36544
 21.749319 2021.767133
 21.766468 1991.660008
 21.783617 2022.471009
 21.800766 2114.469102
 21.817915 2269.515237
 21.835064 2490.430177
 21.852213 2780.038163
 21.869362 3139.977275
 21.886511 3569.402626
 21.90366 4063.741215
 21.92081 4610.493375
 21.937959 5202.79229
 21.955108 5815.416816
 21.972257 6423.902143
 21.989406 7000.336811
 22.006555 7515.36916
 22.023704 7940.63001
 22.040853 8251.300298
 22.058002 8428.502983
 22.075151 8461.201907
 22.092301 8347.339015
 22.10945 8094.047861
 22.126599 7716.91528
 22.143748 7238.393429
 22.160897 6685.589014
 22.178046 6087.733519
 22.195195 5473.658145
 22.212344 4869.573558
 22.229493 4297.379611
 22.246642 3773.62995
 22.263792 3309.172525
 22.280941 2909.392318
 22.29809 2574.918166
 22.315239 2302.620781
 22.332388 2086.727944
 22.349537 1919.908248
 22.366686 1794.213894
 22.383835 1701.819428
 22.400984 1635.535695
 22.418133 1589.111792
 22.435283 1557.359762
 22.452432 1536.146815
 22.469581 1522.300939
 22.48673 1513.469967
 22.503879 1507.965263
 22.521028 1504.611303
 22.538177 1500.0
 22.555326 1500.0
 22.572475 1500.0
 22.589624 1500.0
 22.606773 1500.0
 22.623923 1500.0
 22.641072 1500.0
 22.658221 1500.0
 22.67537 1500.0
 22.692519 1500.732577
 22.709668 1501.261532
 22.726817 1502.127013
 22.743966 1503.511307
 22.761115 1505.675369
 22.778264 1508.98144
 22.795414 1513.916314
 22.812563 1521.11197
 22.829712 1531.358798
 22.846861 1545.605373
 22.86401 1564.937928
 22.881159 1590.532914
 22.898308 1623.577683
 22.915457 1665.157726
 22.932606 1716.113975
 22.949755 1776.880096
 22.966905 1847.316452
 22.984054 1926.563294
 23.001203 2012.939245
 23.018352 2103.91032
 23.035501 2196.149997
 23.05265 2285.700135
 23.069799 2368.228825
 23.086948 2439.365668
 23.104097 2495.080079
 23.121246 2532.057655
 23.138396 2548.026267
 23.155545 2541.987241
 23.172694 2514.31846
 23.189843 2466.735441
 23.206992 2402.115265
 23.224141 2324.208631
 23.24129 2237.280368
 23.258439 2145.725928
 23.275588 2053.711383
 23.292738 1964.876887
 23.309887 1882.130205
 23.327036 1807.54117
 23.344185 1742.33338
 23.361334 1686.956628
 23.378483 1643.105709
 23.395632 1607.671128
 23.412781 1581.044857
 23.42993 1562.518091
 23.447079 1551.535086
 23.464229 1547.839553
 23.481378 1551.587855
 23.498527 1563.424437
 23.515676 1584.514105
 23.532825 1616.523791
 23.549974 1661.544802
 23.567123 1721.946636
 23.584272 1800.1566
 23.601421 1898.366633
 23.61857 2017.878371
 23.63572 2160.058229
 23.652869 2323.722037
 23.670018 2506.445444
 23.687167 2703.931139
 23.704316 2909.992989
 23.721465 3116.732285
 23.738614 3314.959802
 23.755763 3494.828031
 23.772912 3646.620033
 23.790061 3761.6106
 23.807211 3833.362524
 23.82436 3856.872578
 23.841509 3831.040033
 23.858658 3757.635216
 23.875807 3641.407163
 23.892956 3489.625949
 23.910105 3311.396205
 23.927254 3116.834529
 23.944403 2916.217276
 23.961552 2719.199403
 23.978702 2534.182629
 23.995851 2367.880107
 24.013 2225.090782
 24.030149 2108.665883
 24.047298 2019.628479
 24.064447 1957.396611
 24.081596 1920.061259
 24.098745 1904.679666
 24.115894 1907.558258
 24.133043 1924.513821
 24.150192 1951.112023
 24.167342 1982.881505
 24.184491 2015.54291
 24.20164 2045.204523
 24.218789 2068.549505
 24.235938 2082.996753
 24.253087 2086.81936
 24.270236 2079.20565
 24.287385 2059.201607
 24.304534 2030.291307
 24.321683 1992.37081
 24.338833 1947.613097
 24.355982 1898.425354
 24.373131 1847.236828
 24.39028 1796.305781
 24.407429 1747.565933
 24.424578 1702.525124
 24.441727 1662.220232
 24.458876 1627.224283
 24.476025 1597.695521
 24.493174 1573.454716
 24.510324 1554.076157
 24.527473 1538.979278
 24.544622 1527.510864
 24.561771 1519.011561
 24.57892 1512.863973
 24.596069 1508.522692
 24.613218 1505.528705
 24.630367 1503.511686
 24.647516 1502.184006
 24.664665 1501.329961
 24.681815 1500.792996
 24.698964 1500.462968
 24.716113 1500.0
 24.733262 1500.0
 24.750411 1500.0
 24.76756 1500.0
 24.784709 1500.0
 24.801858 1500.0
 24.819007 1500.0
 24.836157 1500.0
 24.853306 1500.0
 24.870455 1500.0
 24.887604 1500.0
 24.904753 1500.0
 24.921902 1500.0
 24.939051 1500.0
 24.9562 1500.0
 24.973349 1500.0
 24.990498 1500.0
 25.007648 1500.0
 25.024797 1500.0
 25.041946 1500.0
 25.059095 1500.0
 25.076244 1500.0
 25.093393 1500.0
 25.110542 1500.0
 25.127691 1500.0
 25.14484 1500.0
 25.161989 1500.0
 25.179139 1500.0
 25.196288 1503.76165
 25.213437 1506.433867
 25.230586 1510.776349
 25.247735 1517.675705
 25.264884 1528.391415
 25.282033 1544.658306
 25.299182 1568.789486
 25.316331 1603.763872
 25.33348 1653.276019
 25.35063 1721.720505
 25.367779 1814.080347
 25.384928 1935.690947
 25.402077 2091.859764
 25.419226 2287.337978
 25.436375 2525.664405
 25.453524 2808.430482
 25.470673 3134.544945
 25.487822 3499.601701
 25.504971 3895.466408
 25.522121 4310.192878
 25.53927 4728.354091
 25.556419 5131.822916
 25.573568 5500.977519
 25.590717 5816.234003
 25.607866 6059.746509
 25.625015 6217.073999
 25.642164 6278.596347
 25.659313 6240.48846
 25.676462 6105.112686
 25.693611 5880.777532
 25.710761 5583.055275
 25.72791 5226.366899
 25.745059 4831.641971
 25.762208 4419.190174
 25.779357 4008.401244
 25.796506 3616.517343
 25.813655 3257.817112
 25.830804 2943.243538
 25.847953 2680.440838
 25.865102 2474.107479
 25.882252 2326.537575
 25.899401 2238.213895
 25.91655 2208.327897
 25.933699 2235.134025
 25.950848 2316.089424
 25.967997 2447.778075
 25.985146 2625.664585
 26.002295 2843.759695
 26.019444 3094.302156
 26.036593 3367.566961
 26.053743 3652.372663
 26.070892 3934.826992
 26.088041 4201.002331
 26.10519 4436.616143
 26.122339 4627.005873
 26.139488 4764.358268
 26.156637 4838.391088
 26.173786 4845.122344
 26.190935 4784.883093
 26.208084 4662.330471
 26.225234 4486.017574
 26.242383 4267.574747
 26.259532 4020.609739
 26.276681 3759.466413
 26.29383 3497.991975
 26.310979 3248.449637
 26.328128 3020.683267
 26.345277 2821.597109
 26.362426 2654.96885
 26.379576 2521.573304
 26.396725 2419.562523
 26.413874 2345.02868
 26.431023 2292.669161
 26.448172 2256.476109
 26.465321 2230.733569
 26.48247 2209.411897
 26.499619 2188.102087
 26.516768 2163.396389
 26.533917 2133.2122
 26.551067 2096.774344
 26.568216 2054.47971
 26.585365 2007.67531
 26.602514 1958.384258
 26.619663 1909.014125
 26.636812 1860.799046
 26.653961 1819.233933
 26.67111 1784.272377
 26.688259 1757.576768
 26.705408 1740.207646
 26.722558 1732.596864
 26.739707 1734.554752
 26.756856 1745.305514
 26.774005 1763.547101
 26.791154 1787.5339
 26.808303 1815.181916
 26.825452 1844.195596
 26.842601 1872.213203
 26.85975 1896.96409
 26.876899 1916.426792
 26.894049 1928.9741
 26.911198 1933.489546
 26.928347 1929.44157
 26.945496 1916.905273
 26.962645 1896.528713
 26.979794 1869.247499
 26.996943 1837.046134
 27.014092 1801.302735
 27.031241 1763.79009
 27.04839 1726.180555
 27.06554 1689.929813
 27.082689 1656.196677
 27.099838 1625.802975
 27.116987 1599.231641
 27.134136 1576.656543
 27.151285 1557.994625
 27.168434 1542.97
 27.185583 1531.180401
 27.202732 1522.158297
 27.219881 1516.387488
 27.23703 1512.169979
 27.25418 1509.806253
 27.271329 1509.18272
 27.288478 1510.352409
 27.305627 1513.561732
 27.322776 1519.274499
 27.339925 1528.191269
 27.357074 1541.259676
 27.374223 1559.669077
 27.391372 1584.690741
 27.408521 1618.19614
 27.425671 1661.572329
 27.44282 1716.33516
 27.459969 1783.715965
 27.477118 1864.449269
 27.494267 1958.550451
 27.511416 2065.111288
 27.528565 2182.146634
 27.545714 2306.526199
 27.562863 2434.020214
 27.580012 2559.476181
 27.597162 2677.126969
 27.614311 2781.010468
 27.63146 2865.461183
 27.648609 2925.618788
 27.665758 2957.890392
 27.682907 2960.305774
 27.700056 2932.716435
 27.717205 2876.810655
 27.734354 2795.942622
 27.751503 2694.799234
 27.768653 2578.951013
 27.785802 2454.346694
 27.802951 2326.814889
 27.8201 2201.629909
 27.837249 2083.183992
 27.854398 1974.789164
 27.871547 1878.611419
 27.888696 1795.72247
 27.905845 1726.241697
 27.922995 1669.534726
 27.940144 1624.434946
 27.957293 1589.458935
 27.974442 1562.994515
 27.991591 1543.448959
 28.00874 1529.353076
 28.025889 1519.423408
 28.043038 1512.589103
 28.060187 1507.992113
 28.077336 1504.969652
 28.094486 1503.026828
 28.111635 1501.805705
 28.128784 1501.055123
 28.145933 1500.0
 28.163082 1500.0
 28.180231 1500.0
 28.19738 1500.0
 28.214529 1500.0
 28.231678 1500.0
 28.248827 1500.0
 28.265977 1500.0
 28.283126 1500.0
 28.300275 1500.0
 28.317424 1500.0
 28.334573 1500.0
 28.351722 1500.0
 28.368871 1500.0
 28.38602 1500.560468
 28.403169 1500.960831
 28.420318 1501.613545
 28.437468 1502.65432
 28.454617 1504.277245
 28.471766 1506.751709
 28.488915 1510.440039
 28.506064 1515.813559
 28.523213 1523.463696
 28.540362 1534.10379
 28.557511 1548.556625
 28.57466 1567.72268
 28.591809 1592.525134
 28.608959 1623.829872
 28.626108 1662.342186
 28.643257 1708.486412
 28.660406 1762.27969
 28.677555 1823.21556
 28.694704 1890.176096
 28.711853 1961.39193
 28.729002 2034.466372
 28.746151 2106.473657
 28.7633 2174.131748
 28.78045 2234.038759
 28.797599 2282.951192
 28.814748 2318.072831
 28.831897 2337.318918
 28.849046 2339.521061
 28.866195 2324.544559
 28.883344 2293.302035
 28.900493 2247.661439
 28.917642 2190.261191
 28.934791 2124.257882
 28.95194 2053.040304
 28.96909 1979.945319
 28.986239 1908.008313
 29.003388 1839.772784
 29.020537 1777.172745
 29.037686 1721.490377
 29.054835 1673.381057
 29.071984 1632.950778
 29.089133 1599.867141
 29.106282 1573.484691
 29.123431 1552.96801
 29.140581 1537.400119
 29.15773 1525.868716
 29.174879 1517.527474
 29.192028 1511.633392
 29.209177 1507.563729
 29.226326 1504.817349
 29.243475 1503.005542
 29.260624 1501.836877
 29.277773 1501.099714
 29.294922 1500.644944
 29.312072 1500.0
 29.329221 1500.0
 29.34637 1500.0
 29.363519 1500.0
 29.380668 1500.0
 29.397817 1500.0
 29.414966 1500.0
 29.432115 1500.026608
 29.449264 1500.045084
 29.466414 1500.074835
 29.483563 1500.121692
 29.500712 1500.193861
 29.517861 1500.302547
 29.53501 1500.462558
 29.552159 1500.692805
 29.569308 1501.016547
 29.586457 1503.35907
 29.603606 1505.277758
 29.620755 1508.191135
 29.637905 1512.552587
 29.655054 1518.984734
 29.672203 1528.32142
 29.689352 1541.648874
 29.706501 1560.339349
 29.72365 1586.067833
 29.740799 1620.800274
 29.757948 1666.740604
 29.775097 1726.224673
 29.792246 1801.552965
 29.809396 1894.760542
 29.826545 2007.332922
 29.843694 2139.888315
 29.860843 2291.859808
 29.877992 2461.220991
 29.895141 2644.304773
 29.91229 2835.763173
 29.929439 3028.704837
 29.946588 3215.027708
 29.963737 3385.937442
 29.980887 3532.612229
 29.998036 3646.947521
 30.015185 3722.294565
 30.032334 3754.09955
 30.049483 3740.358034
 30.066632 3681.821755
 30.083781 3581.928367
 30.10093 3446.463523
 30.118079 3283.00185
 30.135228 3100.202322
 30.152378 2907.049396
 30.169527 2712.13205
 30.186676 2523.039294
 30.203825 2345.926853
 30.220974 2185.280464
 30.238123 2043.871575
 30.255272 1922.877551
 30.272421 1822.122695
 30.28957 1740.389136
 30.306719 1675.749392
 30.323869 1625.88011
 30.341018 1588.329077
 30.358167 1560.709948
 30.375316 1540.886783
 30.392465 1526.976448
 30.409614 1517.436731
 30.426763 1511.041385
 30.443912 1506.849517
 30.461061 1504.162689
 30.47821 1502.478365
 30.495359 1501.445551
 30.512509 1500.0
 30.529658 1500.0
 30.546807 1500.0
 30.563956 1500.0
 30.581105 1504.168142
 30.598254 1507.110328
 30.615403 1511.884053
 30.632552 1519.461107
 30.649701 1531.224734
 30.66685 1549.086091
 30.684 1576.073139
 30.701149 1614.893619
 30.718298 1670.033466
 30.735447 1746.577115
 30.752596 1850.394789
 30.769745 1987.928825
 30.786894 2165.821215
 30.804043 2390.369879
 30.821192 2666.824239
 30.838341 2998.560622
 30.855491 3386.210669
 30.87264 3826.846668
 30.889789 4313.347796
 30.906938 4834.075786
 30.924087 5372.971242
 30.941236 5910.141578
 30.958385 6422.950291
 30.975534 6887.545593
 30.992683 7280.693635
 31.009832 7581.721482
 31.026982 7775.205339
 31.044131 7849.593011
 31.06128 7801.902506
 31.078429 7635.808882
 31.095578 7361.765171
 31.112727 6995.998302
 31.129876 6559.021021
 31.147025 6073.856752
 31.164174 5564.192846
 31.181324 5052.667524
 31.198473 4559.452104
 31.215622 4101.230031
 31.232771 3690.608713
 31.24992 3335.940786
 31.267069 3041.486565
 31.284218 2807.825691
 31.301367 2632.421797
 31.318516 2510.255577
 31.335665 2434.463
 31.352815 2396.940309
 31.369964 2388.898502
 31.387113 2401.364574
 31.404262 2425.632851
 31.421411 2453.668403
 31.43856 2478.4583
 31.455709 2494.298863
 31.472858 2497.002188
 31.490007 2484.004005
 31.507156 2451.521198
 31.524306 2407.020893
 31.541455 2347.754611
 31.558604 2276.740301
 31.575753 2197.535254
 31.592902 2113.896712
 31.610051 2029.14325
 31.6272 1947.284025
 31.644349 1870.457923
 31.661498 1800.635179
 31.678647 1739.048567
 31.695797 1686.24214
 31.712946 1642.172391
 31.730095 1606.340353
 31.747244 1577.933912
 31.764393 1555.962926
 31.781542 1539.374942
 31.798691 1527.144698
 31.81584 1518.335625
 31.832989 1512.135342
 31.850138 1507.869623
 31.867288 1505.000362
 31.884437 1503.11311
 31.901586 1501.899036
 31.918735 1501.135056
 31.935884 1500.664733
 31.953033 1500.0
 31.970182 1500.0
 31.987331 1500.0
 32.00448 1500.0
 32.021629 1500.0
 32.038778 1500.0
 32.055928 1500.0
 32.073077 1500.0
 32.090226 1500.0
 32.107375 1500.0
 32.124524 1500.0
 32.141673 1500.0
 32.158822 1500.0
 32.175971 1500.0
 32.19312 1500.0
 32.21027 1500.0
 32.227419 1500.0
 32.244568 1500.0
 32.261717 1500.0
 32.278866 1500.0
 32.296015 1500.0
 32.313164 1500.384306
 32.330313 1500.647227
 32.347462 1501.06817
 32.364611 1501.72754
 32.38176 1502.737915
 32.39891 1504.252218
 32.416059 1506.471648
 32.433208 1509.652014
 32.450357 1514.106668
 32.467506 1520.203856
 32.484655 1528.356152
 32.501804 1538.999887
 32.518953 1552.563258
 32.536102 1569.423083
 32.553252 1589.85206
 32.570401 1613.960546
 32.58755 1641.639098
 32.604699 1672.50979
 32.621848 1705.895136
 32.638997 1741.966449
 32.656146 1777.938337
 32.673295 1813.171972
 32.690444 1846.304153
 32.707593 1876.062302
 32.724743 1901.419999
 32.741892 1921.749349
 32.759041 1936.949524
 32.77619 1947.531858
 32.793339 1954.644202
 32.810488 1960.023809
 32.827637 1965.874908
 32.844786 1974.676737
 32.861935 1988.940339
 32.879084 2010.923858
 32.896234 2042.331933
 32.913383 2084.079654
 32.930532 2136.085528
 32.947681 2197.15993
 32.96483 2265.002169
 32.981979 2336.315774
 32.999128 2407.039156
 33.016277 2472.672861
 33.033426 2528.672826
 33.050575 2570.866291
 33.067725 2595.844221
 33.084874 2601.282241
 33.102023 2586.153197
 33.119172 2550.80494
 33.136321 2496.898168
 33.15347 2427.214355
 33.170619 2345.363889
 33.187768 2255.432927
 33.204917 2161.615718
 33.222066 2068.688286
 33.239216 1978.868317
 33.256365 1895.903812
 33.273514 1821.656584
 33.290663 1757.534711
 33.307812 1704.294038
 33.324961 1664.546927
 33.34211 1635.04683
 33.359259 1617.221725
 33.376408 1611.210243
 33.393557 1617.390318
 33.410707 1636.471597
 33.427856 1669.529745
 33.445005 1717.97746
 33.462154 1783.470839
 33.479303 1867.774666
 33.496452 1972.497479
 33.513601 2098.880234
 33.53075 2247.50419
 33.547899 2417.343347
 33.565048 2608.445089
 33.582197 2816.781732
 33.599347 3037.928065
 33.616496 3265.945955
 33.633645 3493.543758
 33.650794 3712.384288
 33.667943 3913.533464
 33.685092 4088.024635
 33.702241 4227.493639
 33.71939 4324.82674
 33.736539 4374.753691
 33.753689 4374.31737
 33.770838 4323.163942
 33.787987 4223.612606
 33.805136 4080.490605
 33.822285 3900.750212
 33.839434 3692.907533
 33.856583 3466.36709
 33.873732 3230.708934
 33.890881 2995.013629
 33.90803 2767.292948
 33.925179 2554.074945
 33.942329 2360.167993
 33.959478 2188.604854
 33.976627 2040.744949
 33.993776 1916.499013
 34.010925 1814.630534
 34.028074 1733.08921
 34.045223 1669.33606
 34.062372 1620.630393
 34.079521 1584.259781
 34.096671 1557.705691
 34.11382 1538.74647
 34.130969 1525.506041
 34.148118 1516.042369
 34.165267 1510.176289
 34.182416 1506.326219
 34.199565 1503.854192
 34.216714 1502.301214
 34.233863 1500.0
 34.251012 1500.0
 34.268162 1500.0
 34.285311 1500.0
 34.30246 1500.0
 34.319609 1500.0
 34.336758 1500.001086
 34.353907 1501.002511
 34.371056 1501.69487
 34.388205 1502.808522
 34.405354 1504.56157
 34.422503 1507.261829
 34.439653 1511.331129
 34.456802 1517.329902
 34.473951 1525.97856
 34.4911 1538.170723
 34.508249 1554.972093
 34.525398 1577.598086
 34.542547 1607.363546
 34.559696 1645.59955
 34.576845 1693.53557
 34.593994 1752.150226
 34.611144 1822.000062
 34.628293 1903.042459
 34.645442 1994.474724
 34.662591 2094.615256
 34.67974 2200.852855
 34.696889 2309.686131
 34.714038 2416.865809
 34.731187 2517.651671
 34.748336 2607.107625
 34.765485 2680.542705
 34.782635 2733.887795
 34.799784 2764.075656
 34.816933 2769.333883
 34.834082 2749.358461
 34.851231 2705.344168
 34.86838 2639.868407
 34.885529 2556.643277
 34.902678 2460.169729
 34.919827 2355.338446
 34.936976 2247.02622
 34.954126 2139.733569
 34.971275 2037.299184
 34.988424 1942.712867
 35.005573 1858.033322
 35.022722 1784.40274
 35.039871 1722.139828
 35.05702 1670.88647
 35.074169 1629.781794
 35.091318 1597.639721
 35.108467 1573.111263
 35.125617 1554.819204
 35.142766 1541.459163
 35.159915 1531.866531
 35.177064 1525.052689
 35.194213 1520.216267
 35.211362 1516.736078
 35.228511 1514.15217
 35.24566 1515.213647
 35.262809 1515.609357
 35.279958 1516.698761
 35.297108 1520.77129
 35.314257 1527.440714
 35.331406 1537.847003
 35.348555 1553.454912
 35.365704 1576.089348
 35.382853 1607.945905
 35.400002 1651.561872
 35.417151 1709.732657
 35.4343 1785.360818
 35.451449 1881.23062
 35.468598 1999.710408
 35.485748 2142.397589
 35.502897 2309.735586
 35.520046 2500.645777
 35.537195 2712.227605
 35.554344 2939.584834
 35.571493 3175.829631
 35.588642 3412.301353
 35.605791 3639.012549
 35.62294 3845.302089
 35.64009 4020.642839
 35.657239 4155.516574
 35.674388 4242.288992
 35.691537 4275.886651
 35.708686 4254.317402
 35.725835 4178.855784
 35.742984 4053.919174
 35.760133 3886.63928
 35.777282 3686.188201
 35.794431 3462.947723
 35.811581 3227.625565
 35.82873 2990.422711
 35.845879 2760.339348
 35.863028 2544.67911
 35.880177 2349.159219
 35.897326 2176.611386
 35.914475 2028.760481
 35.931624 1905.544068
 35.948773 1805.699777
 35.965922 1727.162985
 35.983072 1667.446096
 36.000221 1623.965363
 36.01737 1594.295112
 36.034519 1576.34149
 36.051668 1568.437517
 36.068817 1569.367401
 36.085966 1578.331495
 36.103115 1594.864539
 36.120264 1618.719979
 36.137413 1649.733162
 36.154563 1687.676458
 36.171712 1730.9556
 36.188861 1781.652109
 36.20601 1836.960823
 36.223159 1895.056898
 36.240308 1954.130566
 36.257457 2011.88178
 36.274606 2065.803262
 36.291755 2113.372491
 36.308904 2152.269745
 36.326054 2180.598129
 36.343203 2197.078677
 36.360352 2201.194799
 36.377501 2193.265092
 36.39465 2174.432561
 36.411799 2146.568736
 36.428948 2112.101959
 36.446097 2073.78936
 36.463246 2034.458594
 36.480395 1996.748694
 36.497545 1962.878611
 36.514694 1934.467607
 36.531843 1912.424498
 36.548992 1896.914045
 36.566141 1887.399806
 36.58329 1882.75436
 36.600439 1881.421188
 36.617588 1881.60784
 36.634737 1881.488146
 36.651886 1879.391461
 36.669036 1873.960092
 36.686185 1864.260641
 36.703334 1849.841139
 36.720483 1830.735425
 36.737632 1807.406752
 36.754781 1780.670562
 36.77193 1751.575173
 36.789079 1721.28047
 36.806228 1690.940612
 36.823377 1661.604343
 36.840527 1633.923858
 36.857676 1609.076475
 36.874825 1587.119081
 36.891974 1568.252067
 36.909123 1552.473502
 36.926272 1539.623137
 36.943421 1529.430082
 36.96057 1521.558371
 36.977719 1515.646274
 36.994868 1511.336982
 37.012018 1508.299979
 37.029167 1506.243706
 37.046316 1505.076903
 37.063465 1504.393724
 37.080614 1504.146588
 37.097763 1504.270003
 37.114912 1504.685005
 37.132061 1505.407885
 37.14921 1506.485607
 37.166359 1507.921697
 37.183509 1510.076447
 37.200658 1512.990998
 37.217807 1516.903666
 37.234956 1522.085594
 37.252105 1528.827857
 37.269254 1537.421354
 37.286403 1548.129505
 37.303552 1561.154881
 37.320701 1576.602133
 37.33785 1594.440939
 37.355 1614.473683
 37.372149 1636.313189
 37.389298 1659.375636
 37.406447 1682.892687
 37.423596 1705.944942
 37.440745 1727.51606
 37.457894 1746.563974
 37.475043 1762.102592
 37.492192 1773.28537
 37.509341 1779.480869
 37.526491 1780.331069
 37.54364 1775.784862
 37.560789 1766.102455
 37.577938 1752.621297
 37.595087 1735.087651
 37.612236 1715.024338
 37.629385 1693.632875
 37.646534 1672.187827
 37.663683 1651.983533
 37.680832 1634.296203
 37.697982 1620.369173
 37.715131 1611.402417
 37.73228 1608.563652
 37.749429 1612.992008
 37.766578 1626.196401
 37.783727 1648.689715
 37.800876 1681.692151
 37.818025 1726.010558
 37.835174 1782.165503
 37.852323 1850.266491
 37.869473 1929.886274
 37.886622 2019.954716
 37.903771 2118.694576
 37.92092 2223.619225
 37.938069 2331.605186
 37.955218 2439.045247
 37.972367 2542.071492
 37.989516 2636.829059
 38.006665 2719.693366
 38.023814 2787.880521
 38.040964 2839.087268
 38.058113 2872.130389
 38.075262 2886.737978
 38.092411 2883.569813
 38.10956 2864.034872
 38.126709 2830.074279
 38.143858 2783.9188
 38.161007 2727.859
 38.178156 2664.059345
 38.195305 2594.684513
 38.212455 2521.03364
 38.229604 2444.828901
 38.246753 2366.978516
 38.263902 2288.690778
 38.281051 2211.044835
 38.2982 2135.180321
 38.315349 2062.336003
 38.332498 1993.851044
 38.349647 1931.1323
 38.366796 1875.596099
 38.383946 1828.595381
 38.401095 1791.342132
 38.418244 1764.83252
 38.435393 1749.77884
 38.452542 1746.549583
 38.469691 1755.117763
 38.48684 1775.018154
 38.503989 1805.315938
 38.521138 1844.592067
 38.538287 1890.6081
 38.555437 1941.876656
 38.572586 1995.158141
 38.589735 2047.566223
 38.606884 2096.131943
 38.624033 2137.994704
 38.641182 2170.603606
 38.658331 2191.908661
 38.67548 2200.51987
 38.692629 2195.814199
 38.709778 2177.976078
 38.726928 2147.807774
 38.744077 2107.32756
 38.761226 2058.429011
 38.778375 2003.701937
 38.795524 1945.592985
 38.812673 1886.675914
 38.829822 1829.207669
 38.846971 1775.068553
 38.86412 1725.691963
 38.881269 1682.04608
 38.898419 1644.660896
 38.915568 1613.689396
 38.932717 1588.989342
 38.949866 1570.211998
 38.967015 1556.885817
 38.984164 1548.486046
 39.001313 1544.48475
 39.018462 1544.379284
 39.035611 1547.700475
 39.05276 1554.004271
 39.06991 1562.85234
 39.087059 1573.787968
 39.104208 1586.313686
 39.121357 1599.876271
 39.138506 1613.863407
 39.155655 1627.449948
 39.172804 1640.351038
 39.189953 1651.558186
 39.207102 1660.643131
 39.224251 1666.984291
 39.241401 1670.22361
 39.25855 1670.1746
 39.275699 1666.840108
 39.292848 1660.412042
 39.309997 1651.253091
 39.327146 1639.862842
 39.344295 1626.832698
 39.361444 1612.79527
 39.378593 1598.374222
 39.395742 1584.139992
 39.412892 1570.57556
 39.430041 1558.054632
 39.44719 1546.832792
 39.464339 1537.050479
 39.481488 1528.745386
 39.498637 1521.871216
 39.515786 1516.319549
 39.532935 1511.941908
 39.550084 1508.569777
 39.567233 1506.031087
 39.584383 1504.162476
 39.601532 1502.817331
 39.618681 1501.870053
 39.63583 1501.217306
 39.652979 1500.777097
 39.670128 1500.486498
 39.687277 1500.298686
 39.704426 1500.179837
 39.721575 1500.106187
 39.738724 1500.0
 39.755874 1500.0
 39.773023 1500.0
 39.790172 1500.0
 39.807321 1500.0
 39.82447 1500.0
 39.841619 1500.000012
 39.858768 1500.00002
 39.875917 1500.000033
 39.893066 1500.000054
 39.910215 1500.000086
 39.927365 1500.000136
 39.944514 1500.000209
 39.961663 1500.000317
 39.978812 1500.086767
 39.995961 1500.147835
 40.01311 1500.247053
 40.030259 1501.273506
 40.047408 1502.107546
 40.064557 1503.422156
 40.081706 1505.452121
 40.098856 1508.52257
 40.116005 1513.071099
 40.133154 1519.669208
 40.150303 1529.039688
 40.167452 1542.065338
 40.184601 1559.783493
 40.20175 1583.360397
 40.218899 1614.435297
 40.236048 1653.724814
 40.253197 1702.642949
 40.270347 1762.204639
 40.287496 1832.946212
 40.304645 1914.922017
 40.321794 2007.567102
 40.338943 2109.549425
 40.356092 2218.753868
 40.373241 2332.321294
 40.39039 2446.771013
 40.407539 2558.204394
 40.424688 2662.57426
 40.441838 2755.994163
 40.458987 2835.051113
 40.476136 2897.083246
 40.493285 2940.3851
 40.510434 2964.312701
 40.527583 2969.274651
 40.544732 2956.612173
 40.561881 2928.387765
 40.57903 2887.115737
 40.596179 2835.474703
 40.613329 2776.043711
 40.630478 2711.095643
 40.647627 2642.47052
 40.664776 2571.535708
 40.681925 2499.225135
 40.699074 2426.137723
 40.716223 2352.667966
 40.733372 2279.139865
 40.750521 2205.919528
 40.76767 2133.48906
 40.78482 2062.474104
 40.801969 1993.627174
 40.819118 1927.775935
 40.836267 1865.750813
 40.853416 1808.307372
 40.870565 1756.057225
 40.887714 1709.417791
 40.904863 1668.586225
 40.922012 1633.53825
 40.939161 1603.967228
 40.956311 1579.681504
 40.97346 1560.042574
 40.990609 1544.125328
 41.007758 1532.186004
 41.024907 1523.065617
 41.042056 1516.239884
 41.059205 1511.23361
 41.076354 1507.634326
 41.093503 1505.097196
 41.110652 1503.34344
 41.127802 1502.154504
 41.144951 1501.363895
 41.1621 1500.848166
 41.179249 1500.372947
 41.196398 1500.228858
 41.213547 1500.13777
 41.230696 1500.048749
 41.247845 1500.0
 41.264994 1500.0
 41.282143 1500.0
 41.299293 1500.0
 41.316442 1500.0
 41.333591 1500.001463
 41.35074 1500.002444
 41.367889 1500.004007
 41.385038 1500.006444
 41.402187 1500.010166
 41.419336 1500.015734
 41.436485 1500.023886
 41.453634 1500.035574
 41.470784 1500.051973
 41.487933 1500.074487
 41.505082 1500.104724
 41.522231 1500.144436
 41.53938 1500.195419
 41.556529 1500.259369
 41.573678 1500.6691
 41.590827 1500.989284
 41.607976 1501.462
 41.625125 1502.1575
 41.642275 1503.17454
 41.659424 1504.648752
 41.676573 1506.761615
 41.693722 1509.749058
 41.710871 1513.908219
 41.72802 1519.600413
 41.745169 1527.247982
 41.762318 1537.322576
 41.779467 1550.322698
 41.796616 1566.739111
 41.813766 1587.008071
 41.830915 1611.454219
 41.848064 1640.227189
 41.865213 1673.23825
 41.882362 1710.105137
 41.899511 1750.114256
 41.91666 1792.209081
 41.933809 1835.011881
 41.950958 1876.882311
 41.968107 1916.011982
 41.985257 1950.548797
 42.002406 1978.739851
 42.019555 1999.077899
 42.036704 2010.434398
 42.053853 2012.162957
 42.071002 2004.159945
 42.088151 1986.874313
 42.1053 1961.265569
 42.122449 1928.715118
 42.139598 1890.902603
 42.156748 1850.132512
 42.173897 1807.62084
 42.191046 1765.427505
 42.208195 1725.132363
 42.225344 1688.048
 42.242493 1655.193553
 42.259642 1627.303579
 42.276791 1604.864832
 42.29394 1588.170058
 42.311089 1577.381575
 42.328239 1572.616306
 42.345388 1573.877851
 42.362537 1581.224363
 42.379686 1594.729912
 42.396835 1614.300146
 42.413984 1639.855898
 42.431133 1671.13627
 42.448282 1707.667126
 42.465431 1748.707604
 42.48258 1793.217082
 42.49973 1839.852511
 42.516879 1887.002622
 42.534028 1932.624628
 42.551177 1975.395759
 42.568326 2013.08825
 42.585475 2044.054926
 42.602624 2066.966326
 42.619773 2080.925041
 42.636922 2085.540054
 42.654071 2080.950955
 42.671221 2068.527863
 42.68837 2048.361435
 42.705519 2022.353364
 42.722668 1992.187862
 42.739817 1959.632907
 42.756966 1926.426212
 42.774115 1894.188779
 42.791264 1864.373084
 42.808413 1838.245659
 42.825562 1816.897443
 42.842712 1801.270297
 42.859861 1792.185394
 42.87701 1790.359344
 42.894159 1796.397067
 42.911308 1810.755512
 42.928457 1833.678973
 42.945606 1865.11356
 42.962755 1904.614629
 42.979904 1951.264697
 42.997053 2003.620834
 43.014203 2059.708573
 43.031352 2117.074234
 43.048501 2172.899661
 43.06565 2224.174645
 43.082799 2267.912374
 43.099948 2301.386034
 43.117097 2322.161798
 43.134246 2329.16956
 43.151395 2321.366982
 43.168544 2298.928416
 43.185694 2262.885739
 43.202843 2215.026879
 43.219992 2157.727015
 43.237141 2093.737645
 43.25429 2025.944504
 43.271439 1957.155623
 43.288588 1889.877082
 43.305737 1826.275713
 43.322886 1767.943603
 43.340035 1715.858298
 43.357185 1670.704047
 43.374334 1632.504771
 43.391483 1600.999096
 43.408632 1575.674214
 43.425781 1555.820943
 43.44293 1540.681743
 43.460079 1529.488239
 43.477228 1521.522165
 43.494377 1516.148988
 43.511526 1512.834296
 43.528676 1511.146224
 43.545825 1510.747685
 43.562974 1511.555097
 43.580123 1513.146763
 43.597272 1515.499262
 43.614421 1518.526729
 43.63157 1521.873821
 43.648719 1526.377071
 43.665868 1531.336451
 43.683017 1536.883183
 43.700167 1543.083777
 43.717316 1550.041661
 43.734465 1557.908255
 43.751614 1566.891058
 43.768763 1577.256214
 43.785912 1589.323064
 43.803061 1603.448697
 43.82021 1620.00138
 43.837359 1639.323201
 43.854508 1661.683809
 43.871658 1687.22902
 43.888807 1715.92951
 43.905956 1747.588376
 43.923105 1781.635023
 43.940254 1817.343201
 43.957403 1853.707431
 43.974552 1889.513189
 43.991701 1924.027112
 44.00885 1955.002931
 44.025999 1981.522247
 44.043149 2002.487412
 44.060298 2017.100381
 44.077447 2024.959353
 44.094596 2026.130263
 44.111745 2021.18442
 44.128894 2011.197194
 44.146043 1997.705577
 44.163192 1982.625497
 44.180341 1968.133548
 44.19749 1956.51735
 44.21464 1950.01866
 44.231789 1950.640199
 44.248938 1959.985718
 44.266087 1979.099185
 44.283236 2008.323697
 44.300385 2047.275885
 44.317534 2094.713157
 44.334683 2148.640664
 44.351832 2206.38423
 44.368981 2264.744281
 44.386131 2320.237993
 44.40328 2369.309226
 44.420429 2408.635571
 44.437578 2435.382334
 44.454727 2447.431628
 44.471876 2443.551177
 44.489025 2423.484557
 44.506174 2387.952938
 44.523323 2338.401597
 44.540472 2277.903802
 44.557622 2208.619871
 44.574771 2134.352189
 44.59192 2057.722241
 44.609069 1981.924065
 44.626218 1910.046524
 44.643367 1844.161152
 44.660516 1786.085594
 44.677665 1737.153935
 44.694814 1698.272149
 44.711963 1670.000262
 44.729113 1652.642483
 44.746262 1646.327307
 44.763411 1651.062999
 44.78056 1666.75891
 44.797709 1693.209309
 44.814858 1730.042904
 44.832007 1776.647436
 44.849156 1832.083727
 44.866305 1894.974754
 44.883454 1963.594158
 44.900604 2035.616893
 44.917753 2108.344407
 44.934902 2178.753692
 44.952051 2243.178228
 44.9692 2299.627017
 44.986349 2344.458964
 45.003498 2375.318606
 45.020647 2390.533288
 45.037796 2389.374809
 45.054945 2371.763294
 45.072095 2338.752665
 45.089244 2292.151673
 45.106393 2234.432072
 45.123542 2168.519702
 45.140691 2097.55972
 45.15784 2024.682653
 45.174989 1952.795334
 45.192138 1884.415438
 45.209287 1821.560551
 45.226436 1765.69465
 45.243586 1717.727225
 45.260735 1678.1802
 45.277884 1646.842256
 45.295033 1623.40355
 45.312182 1607.222028
 45.329331 1597.678108
 45.34648 1593.590365
 45.363629 1594.144269
 45.380778 1598.424969
 45.397927 1605.573344
 45.415077 1614.817497
 45.432226 1625.498741
 45.449375 1637.092753
 45.466524 1649.224922
 45.483673 1661.677659
 45.500822 1674.120392
 45.517971 1687.268307
 45.53512 1700.710613
 45.552269 1715.093556
 45.569418 1730.394708
 45.586568 1746.795125
 45.603717 1764.340556
 45.620866 1782.892306
 45.638015 1802.096074
 45.655164 1821.375543
 45.672313 1839.95433
 45.689462 1856.906144
 45.706611 1871.228815
 45.72376 1881.934303
 45.740909 1888.144021
 45.758059 1889.177823
 45.775208 1884.625611
 45.792357 1874.392792
 45.809506 1858.713691
 45.826655 1838.134456
 45.843804 1813.4642
 45.860953 1785.703321
 45.878102 1755.959881
 45.895251 1725.361899
 45.9124 1694.975911
 45.92955 1665.739622
 45.946699 1638.413909
 45.963848 1613.556436
 45.980997 1591.516355
 45.998146 1572.381113
 46.015295 1556.294626
 46.032444 1543.002036
 46.049593 1532.261575
 46.066742 1523.77116
 46.083891 1517.201925
 46.101041 1512.225283
 46.11819 1508.532754
 46.135339 1506.136211
 46.152488 1504.410994
 46.169637 1503.369643
 46.186786 1502.908121
 46.203935 1502.977448
 46.221084 1503.583449
 46.238233 1504.712928
 46.255382 1506.656786
 46.272532 1509.462324
 46.289681 1513.272858
 46.30683 1518.519537
 46.323979 1525.365517
 46.341128 1534.103995
 46.358277 1545.010593
 46.375426 1558.313915
 46.392575 1574.161356
 46.409724 1592.582979
 46.426873 1613.457357
 46.444023 1636.484152
 46.461172 1661.16838
 46.478321 1686.820929
 46.49547 1712.578469
 46.512619 1737.443937
 46.529768 1760.346032
 46.546917 1780.2134
 46.564066 1796.056694
 46.581215 1807.049863
 46.598364 1812.601426
 46.615514 1812.407189
 46.632663 1806.477841
 46.649812 1795.137983
 46.666961 1778.996703
 46.68411 1758.893382
 46.701259 1735.825471
 46.718408 1710.866857
 46.735557 1685.086077
 46.752706 1659.472919
 46.769855 1635.02353
 46.787005 1612.219553
 46.804154 1591.646116
 46.821303 1573.779634
 46.838452 1558.545752
 46.855601 1546.070305
 46.87275 1536.291222
 46.889899 1529.096284
 46.907048 1524.361628
 46.924197 1521.98417
 46.941346 1521.90545
 46.958496 1524.125331
 46.975645 1528.761205
 46.992794 1535.851506
 47.009943 1545.585541
 47.027092 1558.129327
 47.044241 1573.625044
 47.06139 1592.152772
 47.078539 1613.691282
 47.095688 1637.916788
 47.112837 1664.903798
 47.129987 1693.883703
 47.147136 1724.176402
 47.164285 1754.931342
 47.181434 1785.164379
 47.198583 1813.811153
 47.215732 1839.793174
 47.232881 1862.090737
 47.25003 1879.815438
 47.267179 1892.27458
 47.284328 1899.020456
 47.301478 1899.88001
 47.318627 1894.956393
 47.335776 1884.614421
 47.352925 1869.441822
 47.370074 1850.194742
 47.387223 1827.735273
 47.404372 1802.967598
 47.421521 1776.779349
 47.43867 1750.291763
 47.455819 1723.831557
 47.472969 1698.218706
 47.490118 1673.989336
 47.507267 1651.580923
 47.524416 1631.35102
 47.541565 1613.604302
 47.558714 1598.612377
 47.575863 1586.6314
 47.593012 1577.934404
 47.610161 1572.816927
 47.62731 1571.599133
 47.64446 1574.6172
 47.661609 1582.202984
 47.678758 1594.651818
 47.695907 1612.17953
 47.713056 1634.871347
 47.730205 1662.554549
 47.747354 1695.066902
 47.764503 1731.67612
 47.781652 1771.465674
 47.798801 1813.112363
 47.815951 1855.370859
 47.8331 1896.378282
 47.850249 1934.328981
 47.867398 1967.421404
 47.884547 1993.990745
 47.901696 2012.640681
 47.918845 2022.35944
 47.935994 2022.606458
 47.953143 2013.326722
 47.970292 1995.093623
 47.987442 1968.82401
 48.004591 1935.874459
 48.02174 1897.870798
 48.038889 1856.575729
 48.056038 1813.970986
 48.073187 1771.418879
 48.090336 1730.508355
 48.107485 1692.433503
 48.124634 1658.091071
 48.141783 1628.084426
 48.158933 1602.754835
 48.176082 1582.232314
 48.193231 1566.497137
 48.21038 1555.443088
 48.227529 1548.934462
 48.244678 1546.850424
 48.261827 1549.112258
 48.278976 1555.797608
 48.296125 1566.772603
 48.313274 1582.131139
 48.330424 1601.873477
 48.347573 1625.917728
 48.364722 1654.046402
 48.381871 1685.858663
 48.39902 1720.736071
 48.416169 1757.828735
 48.433318 1795.886061
 48.450467 1834.096604
 48.467616 1870.80734
 48.484765 1904.639316
 48.501915 1934.281868
 48.519064 1958.595437
 48.536213 1976.702847
 48.553362 1988.057626
 48.570511 1992.480534
 48.58766 1990.159643
 48.604809 1981.614281
 48.621958 1967.628212
 48.639107 1949.161611
 48.656256 1927.253988
 48.673406 1902.930866
 48.690555 1877.125482
 48.707704 1851.058886
 48.724853 1824.777175
 48.742002 1799.004572
 48.759151 1774.116901
 48.7763 1750.393734
 48.793449 1728.081846
 48.810598 1707.446637
 48.827747 1688.815311
 48.844897 1672.606363
 48.862046 1659.342086
 48.879195 1649.642874
 48.896344 1644.20367
 48.913493 1643.754108
 48.930642 1649.004563
 48.947791 1660.581088
 48.96494 1678.952907
 48.982089 1704.357193
 48.999238 1736.727047
 49.016388 1775.630004
 49.033537 1820.225218
 49.050686 1869.05692
 49.067835 1920.915308
 49.084984 1973.477785
 49.102133 2024.485023
 49.119282 2071.553202
 49.136431 2112.33378
 49.15358 2144.684793
 49.170729 2166.836694
 49.187879 2177.534687
 49.205028 2176.165446
 49.222177 2162.726135
 49.239326 2137.923576
 49.256475 2103.045348
 49.273624 2059.811461
 49.290773 2010.436818
 49.307922 1957.104241
 49.325071 1902.069822
 49.34222 1847.430324
 49.35937 1795.002981
 49.376519 1746.244019
 49.393668 1702.208515
 49.410817 1663.54903
 49.427966 1630.546469
 49.445115 1603.164012
 49.462264 1581.114202
 49.479413 1563.929825
 49.496562 1551.030953
 49.513711 1541.782924
 49.530861 1535.542418
 49.54801 1531.691029
 49.565159 1529.657441
 49.582308 1528.930257
 49.599457 1529.064041
 49.616606 1529.680883
 49.633755 1530.469447
 49.650904 1531.182719
 49.668053 1531.635118
 49.685202 1531.699059
 49.702352 1531.082021
 49.719501 1530.277005
 49.73665 1528.980862
 49.753799 1527.241169
 49.770948 1525.145273
 49.788097 1522.793093
 49.805246 1520.289277
 49.822395 1517.735621
 49.839544 1515.224495
 49.856693 1512.833826
 49.873843 1510.623957
 49.890992 1508.636414
 49.908141 1506.89442
 49.92529 1505.404796
 49.942439 1504.160813
 49.959588 1503.145536
 49.976737 1502.335225
 49.993886 1501.702475
 50.011035 1501.21885
 50.028184 1500.856916
 50.045334 1500.591622
 50.062483 1500.401115
 50.079632 1500.27582
 50.096781 1500.189054
 50.11393 1500.135503
 50.131079 1500.107898
 50.148228 1500.136253
 50.165377 1500.172458
 50.182526 1500.242063
 50.199675 1500.344922
 50.216825 1500.517303
 50.233974 1500.776292
 50.251123 1501.128565
 50.268272 1501.613971
 50.285421 1502.270622
 50.30257 1503.142579
 50.319719 1504.278889
 50.336868 1505.731785
 50.354017 1507.553935
 50.371166 1509.794693
 50.388316 1512.495458
 50.405465 1515.684347
 50.422614 1519.370577
 50.439763 1523.539075
 50.456912 1528.145938
 50.474061 1533.115434
 50.49121 1538.339153
 50.508359 1543.67783
 50.525508 1548.966089
 50.542657 1554.020082
 50.559807 1558.647621
 50.576956 1562.660092
 50.594105 1565.885142
 50.611254 1568.178946
 50.628403 1569.436851
 50.645552 1569.60129
 50.662701 1568.666117
 50.67985 1566.676948
 50.696999 1563.72745
 50.714148 1559.952028
 50.731298 1555.520251
 50.748447 1550.609631
 50.765596 1545.413436
 50.782745 1540.116826
 50.799894 1534.889369
 50.817043 1529.877153
 50.834192 1525.197631
 50.851341 1520.937268
 50.86849 1517.151791
 50.885639 1513.868561
 50.902789 1511.090505
 50.919938 1508.800946
 50.937087 1506.968713
 50.954236 1505.580483
 50.971385 1504.552702
 50.988534 1503.857012
 51.005683 1503.450415
 51.022832 1503.293672
 51.039981 1503.352522
 51.05713 1503.598357
 51.07428 1504.004227
 51.091429 1504.563968
 51.108578 1505.260062
 51.125727 1506.087864
 51.142876 1507.030884
 51.160025 1508.135282
 51.177174 1509.38211
 51.194323 1510.781871
 51.211472 1512.335262
 51.228621 1514.066375
 51.245771 1515.958868
 51.26292 1517.99874
 51.280069 1520.157952
 51.297218 1522.392699
 51.314367 1524.643128
 51.331516 1526.834845
 51.348665 1528.882366
 51.365814 1530.694356
 51.382963 1532.18026
 51.400112 1533.257669
 51.417262 1533.859607
 51.434411 1533.940846
 51.45156 1533.482493
 51.468709 1532.494231
 51.485858 1531.013942
 51.503007 1529.104736
 51.520156 1526.849776
 51.537305 1524.345524
 51.554454 1521.694209
 51.571603 1518.996366
 51.588753 1516.34421
 51.605902 1513.816428
 51.623051 1511.474758
 51.6402 1509.362443
 51.657349 1507.504439
 51.674498 1505.90907
 51.691647 1504.570699
 51.708796 1503.472971
 51.725945 1502.590444
 51.743094 1501.899536
 51.760244 1501.368195
 51.777393 1500.967998
 51.794542 1500.672708
 51.811691 1500.459202
 51.82884 1500.307897
 51.845989 1500.202782
 51.863138 1500.131183
 51.880287 1500.083358
 51.897436 1500.052028
 51.914585 1500.031897
 51.931735 1500.019208
 51.948884 1500.0
 51.966033 1500.0
 51.983182 1500.0
 52.000331 1500.0
 52.01748 1500.0
 52.034629 1500.245443
 52.051778 1500.3997
 52.068927 1500.639473
 52.086076 1501.005115
 52.103226 1501.55208
 52.120375 1502.354596
 52.137524 1503.509317
 52.154673 1505.13845
 52.171822 1507.391704
 52.188971 1510.446225
 52.20612 1514.512677
 52.223269 1519.798037
 52.240418 1526.53441
 52.257567 1534.939066
 52.274717 1545.199141
 52.291866 1557.447231
 52.309015 1571.735115
 52.326164 1588.00816
 52.343313 1606.083589
 52.360462 1625.636152
 52.377611 1646.194414
 52.39476 1667.15028
 52.411909 1687.783054
 52.429058 1707.297523
 52.446208 1724.873901
 52.463357 1739.725364
 52.480506 1751.234588
 52.497655 1759.001002
 52.514804 1762.405823
 52.531953 1761.477777
 52.549102 1756.402193
 52.566251 1747.590366
 52.5834 1735.675383
 52.600549 1721.473459
 52.617699 1705.934672
 52.634848 1690.088368
 52.651997 1674.98808
 52.669146 1661.894782
 52.686295 1651.438667
 52.703444 1644.628403
 52.720593 1642.195558
 52.737742 1644.710699
 52.754891 1652.561305
 52.77204 1665.932458
 52.78919 1684.790442
 52.806339 1708.870787
 52.823488 1737.673354
 52.840637 1770.467625
 52.857786 1806.311166
 52.874935 1844.083128
 52.892084 1882.532918
 52.909233 1920.341856
 52.926382 1956.193317
 52.943531 1989.109273
 52.960681 2017.632133
 52.97783 2041.051426
 52.994979 2058.750386
 53.012128 2070.238792
 53.029277 2075.807405
 53.046426 2075.421708
 53.063575 2069.521291
 53.080724 2058.794454
 53.097873 2043.952175
 53.115022 2025.93648
 53.132172 2005.737207
 53.149321 1984.392186
 53.16647 1962.954851
 53.183619 1942.459852
 53.200768 1923.877127
 53.217917 1908.098764
 53.235066 1895.836443
 53.252215 1887.609916
 53.269364 1883.686923
 53.286513 1884.045255
 53.303663 1888.352041
 53.320812 1895.992745
 53.337961 1906.011001
 53.35511 1917.577325
 53.372259 1929.006436
 53.389408 1939.185495
 53.406557 1946.898102
 53.423706 1951.107306
 53.440855 1951.046648
 53.458004 1946.287891
 53.475154 1936.740814
 53.492303 1922.682082
 53.509452 1905.054806
 53.526601 1884.648005
 53.54375 1862.628179
 53.560899 1840.299529
 53.578048 1818.976348
 53.595197 1799.883838
 53.612346 1784.068103
 53.629495 1772.321363
 53.646645 1765.126875
 53.663794 1762.519494
 53.680943 1764.550296
 53.698092 1770.510179
 53.715241 1779.573247
 53.73239 1790.679822
 53.749539 1802.615605
 53.766688 1814.102184
 53.783837 1823.892143
 53.800986 1830.942308
 53.818136 1834.277389
 53.835285 1833.226979
 53.852434 1827.50102
 53.869583 1817.104007
 53.886732 1802.356662
 53.903881 1783.858561
 53.92103 1762.445677
 53.938179 1738.849543
 53.955328 1714.655188
